84 232 254379496
6 58 143904039
23 83 208148982
14 54 106360366
70 20 158339551
29 24 170618987
68 6 184696946
20 42 157011183
3 8 132749812
34 37 37982282
84 62 209651838
9 37 225238730
23 44 173257786
69 1 246094318
73 59 27779516
31 3 136813349
56 43 33831630
75 46 225849094
30 71 150760260
42 14 236946862
38 10 125554212
52 61 218025601
35 43 231053372
40 60 199666966
9 3 123603150
78 2 237805432
13 47 56149695
15 22 128723734
75 16 232183194
62 11 102626642
40 47 101285309
77 42 124142409
84 58 38364246
31 64 251314723
38 84 232580828
57 28 170625461
48 72 88889453
46 5 204938456
83 70 160002985
74 27 127632218
13 32 52570583
41 39 113457219
44 43 167166464
20 30 185339789
56 6 198322596
53 70 111832365
70 18 206380307
45 34 182711377
9 28 104947413
25 17 105481609
82 37 44697510
48 78 161269489
5 63 134296619
72 65 221054673
72 41 112217699
64 51 58881893
54 52 186988945
42 81 100798662
22 81 194963208
43 69 228453809
13 40 122852336
45 9 77336956
22 26 83114501
18 59 145423265
49 18 203202253
69 71 141195489
70 7 123751361
35 81 252822713
24 4 77080702
18 44 208988030
48 80 222748324
47 26 163743404
62 65 246451684
11 72 36777327
13 7 190601680
7 78 46372129
67 62 47013985
63 72 194637657
50 48 145484689
36 43 155591979
32 15 122983258
6 71 55957118
47 25 231955122
61 55 219059373
76 58 72424924
9 52 102155575
69 63 64226288
66 52 211947493
31 39 159694864
40 73 218045001
62 28 29170393
30 10 128491323
55 43 197410310
37 14 75959761
45 82 96659539
68 25 124385903
74 34 114559576
63 42 234303792
41 43 196975834
77 33 167030896
23 78 25746711
83 7 77759258
51 41 192423462
60 61 116378867
78 49 82117028
31 23 58681471
60 18 231176631
19 7 153084581
9 35 207450960
55 13 64980553
74 20 54342296
64 44 160611533
81 51 147969084
26 36 139927777
25 46 250811666
13 82 232276847
7 37 138369038
17 11 152809324
2 39 121967465
1 52 82145032
67 70 107376053
45 31 26196793
10 43 109758163
27 46 121983249
49 13 152532786
4 51 205467051
54 56 85960883
32 65 47069737
70 23 195914332
57 23 107863470
84 15 80815747
29 66 198696082
24 2 237069087
54 37 175176945
56 8 198731553
27 11 158215011
34 70 66806760
28 50 164566920
77 84 178096582
26 21 71752770
47 54 104666512
6 32 69035035
11 8 205309407
61 18 44229811
35 76 153588685
35 63 176746535
12 23 176623735
42 45 207511054
81 44 181481039
29 55 127595177
5 3 157904174
13 79 119387107
82 56 131191072
83 34 122134894
52 10 230634279
69 11 140174822
18 63 236066927
7 77 99519192
16 60 247584621
16 33 216010975
66 59 169603927
52 82 136073847
17 81 179745379
48 46 102075922
40 72 153801594
11 32 41619607
43 62 166897313
18 10 135110599
33 43 116484166
10 37 41997622
40 64 58879972
72 77 107468352
58 68 43157145
5 20 184097364
53 43 126904494
32 28 144093540
3 38 191008965
71 12 206328183
11 23 250144946
57 7 42264131
3 2 66477133
44 42 169428115
73 63 135257729
64 69 200305113
2 62 158235964
80 8 124705705
28 58 144261591
21 63 54260333
38 53 182788190
50 71 235706638
59 16 40742094
13 73 183115529
11 63 48168569
5 56 78894409
38 34 27812172
27 49 222852497
82 9 103608107
62 81 29935308
26 28 115887280
3 23 103607998
19 40 39760056
75 43 185168367
62 63 93324405
67 49 51761726
43 25 58917600
65 45 56219689
65 5 220223808
18 80 99396838
7 53 125994606
34 18 207620067
64 4 29994425
62 3 206141746
28 64 131094347
7 3 131890353
13 15 114832655
44 63 58037639
44 74 95702090
10 25 203135835
55 2 203981776
64 48 64529939
14 18 153035780
38 27 170133998
24 80 228679742
48 74 136405946
36 59 178130559
53 54 112680851
11 40 182813655
6 49 93431410
74 43 79286604
23 76 159033147
25 34 250030769
31 5 73619539
34 62 227422814
6972
54 33
37 27
71 49
50 16
32 16
72 84
1 84
47 75
15 22
43 56
7 44
74 13
37 53
73 59
27 60
11 52
5 80
54 3
47 71
23 39
6 76
30 47
37 69
18 42
56 42
56 13
62 39
29 5
41 14
40 37
35 41
7 54
28 31
45 49
38 66
68 29
17 43
1 57
52 84
84 21
36 37
15 64
19 25
61 30
36 21
65 1
48 1
20 51
49 67
71 63
14 27
46 82
78 27
52 47
60 3
21 82
8 9
45 18
30 43
68 62
51 64
82 5
49 71
31 9
63 16
52 41
25 69
23 9
67 22
23 70
31 57
14 6
60 33
73 14
50 28
68 6
75 18
72 60
47 16
43 47
55 6
83 71
75 59
77 84
59 53
24 75
24 60
27 55
75 2
39 51
40 71
18 31
55 58
80 37
26 63
31 76
12 79
17 11
58 6
8 61
15 75
83 36
38 25
55 52
45 75
51 32
43 73
59 55
59 32
14 45
25 42
50 49
74 75
15 16
27 73
54 47
27 47
30 6
15 3
69 4
14 11
72 7
74 71
31 10
79 47
9 49
10 15
47 67
78 23
21 58
41 74
47 60
1 22
28 7
22 42
40 24
49 61
38 74
39 13
58 73
71 31
81 49
77 79
45 83
5 32
26 47
17 24
40 78
34 9
13 21
75 10
60 54
19 73
13 56
61 26
12 39
14 47
82 37
74 39
2 50
75 34
43 60
16 12
69 42
12 7
65 43
63 44
18 14
5 44
56 55
84 67
8 1
65 36
4 21
10 75
16 54
78 56
73 39
9 62
48 26
6 33
14 22
82 42
56 64
37 16
38 26
21 69
83 37
20 74
37 63
48 65
79 23
73 38
81 78
58 81
54 7
58 80
15 68
33 45
82 72
25 34
45 43
28 68
53 6
2 83
3 31
15 42
10 44
74 48
42 78
36 73
23 4
9 16
67 73
14 24
82 79
9 79
44 43
69 76
47 25
4 46
52 4
71 26
45 32
38 50
17 21
74 63
48 45
27 24
51 16
42 61
75 29
3 48
37 62
41 83
39 33
48 33
57 83
24 49
69 12
43 2
61 50
77 57
20 71
4 80
79 29
29 44
41 35
81 74
44 82
30 38
28 69
55 71
65 34
77 59
49 58
34 60
60 13
79 36
13 73
7 11
49 16
9 36
27 78
27 7
62 30
13 8
72 66
70 75
20 1
59 5
17 53
72 28
10 60
61 80
71 18
18 9
38 37
46 37
82 47
50 79
24 13
65 70
80 84
81 28
15 4
44 2
76 66
61 23
46 29
21 2
10 34
43 53
64 21
23 69
80 14
80 4
45 24
44 46
19 18
19 69
41 62
46 7
73 81
67 26
44 49
64 9
82 10
65 5
48 53
68 59
73 66
37 80
63 23
23 12
81 31
3 6
37 28
60 36
4 45
61 52
84 81
31 83
25 28
64 38
10 32
59 67
55 7
15 71
3 2
83 29
64 80
61 71
76 83
47 66
22 21
6 14
15 63
6 10
4 77
51 37
18 77
5 2
64 73
21 76
22 36
56 70
9 60
27 51
38 21
12 75
56 5
31 66
42 28
58 60
73 32
20 39
80 13
15 27
47 64
75 50
31 68
61 5
2 12
67 1
27 67
78 40
79 67
7 26
67 17
77 60
26 12
37 79
35 10
14 67
29 55
32 26
34 6
53 12
81 36
47 41
44 72
51 81
38 9
34 44
45 13
48 66
41 49
24 22
11 8
33 83
10 26
22 79
70 20
7 65
6 40
24 28
4 83
44 1
80 24
72 16
16 27
41 10
6 34
3 41
39 52
47 48
63 33
11 56
23 33
1 64
79 81
62 79
62 82
18 81
24 2
21 3
49 83
60 78
42 8
74 26
24 40
40 79
74 34
45 59
69 65
70 64
52 42
13 62
13 76
53 56
25 49
59 52
34 62
30 56
74 60
10 79
40 57
68 45
29 52
63 73
71 51
40 43
32 75
41 5
41 45
24 54
1 81
6 39
2 76
28 29
19 14
71 55
35 83
64 8
25 46
26 82
41 57
77 19
49 11
9 27
75 28
79 11
13 50
48 75
76 40
66 3
39 11
59 27
31 70
34 26
33 29
80 61
53 66
39 7
54 67
82 16
5 23
82 19
37 8
42 29
81 82
28 47
36 79
40 15
35 72
75 26
25 39
39 78
72 27
67 55
69 58
11 71
51 40
63 49
39 21
13 45
2 21
65 55
58 64
5 49
2 82
80 15
7 69
57 8
58 75
49 31
77 54
21 11
77 72
84 24
75 33
7 38
78 28
74 66
18 22
75 52
57 56
25 56
25 12
63 10
74 4
54 22
74 12
2 5
30 57
46 80
2 39
2 58
11 50
6 18
52 48
55 56
8 47
66 43
17 84
76 26
41 73
41 29
81 71
82 23
63 47
74 29
3 82
75 35
81 13
5 62
59 65
58 49
13 2
73 56
44 26
20 63
63 83
64 40
2 44
48 29
73 13
14 77
71 6
51 8
27 11
72 39
78 35
67 8
62 56
75 65
28 50
13 6
41 27
65 6
16 7
52 62
52 49
16 11
31 1
23 16
11 45
54 63
83 15
19 41
60 26
5 72
62 84
1 36
3 54
11 80
30 68
9 40
15 67
35 44
38 39
9 3
51 27
13 48
75 19
77 76
9 75
72 14
55 83
71 37
50 38
77 5
75 36
71 67
17 64
77 68
42 39
25 21
5 60
48 37
61 34
22 55
23 73
66 68
39 20
29 30
74 80
58 67
46 43
29 54
3 47
68 27
56 34
77 20
32 70
26 56
61 45
42 54
16 49
10 56
57 12
7 27
73 63
29 26
46 32
28 21
63 4
27 66
18 24
54 19
60 53
11 78
68 77
68 16
71 33
46 21
33 1
52 53
63 48
33 69
39 76
79 64
48 25
80 75
9 32
46 30
48 15
19 4
47 53
15 57
17 73
31 23
35 66
49 34
52 45
60 62
5 11
20 26
61 3
63 32
34 19
54 76
71 79
24 62
9 39
81 80
9 77
44 53
55 11
26 4
34 80
26 8
80 56
7 21
18 58
26 52
8 77
41 72
15 11
45 62
84 29
63 61
39 66
20 47
57 75
61 38
74 20
56 73
19 64
22 8
69 14
18 49
63 53
53 72
59 81
65 2
25 7
20 55
73 30
34 12
12 23
4 78
28 39
3 69
31 38
25 71
8 62
36 34
40 34
43 31
8 53
66 12
73 49
59 84
13 59
62 50
52 8
55 49
53 38
5 50
1 20
69 79
77 55
71 10
23 20
29 82
63 9
7 46
37 56
44 39
80 63
76 70
6 2
63 39
68 75
27 16
18 47
12 38
19 29
76 3
37 12
7 9
68 79
73 53
14 2
12 27
59 24
22 39
17 32
16 10
64 13
20 14
61 57
77 51
15 55
56 51
21 7
72 74
21 71
47 74
15 21
43 84
28 83
57 33
28 38
80 41
59 29
19 57
19 55
27 22
3 83
23 18
57 49
16 5
68 24
72 44
33 3
50 35
16 56
49 60
52 66
1 55
74 16
33 54
72 3
7 24
26 36
54 43
78 10
5 48
7 18
39 42
38 4
58 41
28 10
64 60
62 42
77 52
63 84
19 49
48 71
70 26
79 13
79 16
17 28
10 21
70 30
78 25
22 78
65 74
34 67
21 24
43 52
26 70
20 76
22 64
80 58
69 78
53 64
34 76
28 44
43 30
13 78
32 7
38 29
8 84
65 66
50 40
80 16
50 57
84 73
60 17
35 73
64 58
52 54
62 59
52 37
38 75
43 68
1 25
80 73
9 41
58 16
34 75
4 34
71 45
84 16
32 50
41 22
31 82
58 56
16 63
16 15
22 76
29 74
21 38
13 71
82 24
6 11
73 80
13 53
46 73
53 17
66 7
70 12
3 17
53 25
74 41
82 70
47 11
20 18
27 42
72 40
2 48
25 79
33 23
3 7
13 79
53 52
30 11
52 31
49 51
61 48
73 61
8 15
4 42
56 62
74 49
32 6
28 51
34 39
80 54
12 31
4 28
4 11
44 66
17 20
61 7
57 77
73 79
54 17
68 70
79 65
51 58
50 78
65 50
46 76
24 78
9 82
19 59
84 53
4 51
22 33
22 62
84 58
73 70
51 49
30 44
77 22
83 42
7 53
33 59
55 67
31 77
40 81
49 4
79 14
56 43
83 59
3 46
60 10
32 73
75 78
38 13
44 84
84 78
78 49
67 84
60 58
8 22
49 78
44 8
19 68
4 71
63 62
58 35
25 64
26 84
49 45
22 30
42 76
29 15
42 43
74 47
9 56
13 72
56 65
64 25
66 70
17 63
8 25
35 25
48 39
50 84
2 8
2 4
18 55
54 77
36 6
56 14
84 17
64 50
64 30
22 54
62 4
82 3
53 48
58 33
81 5
78 83
9 33
63 41
12 30
15 50
23 72
13 84
8 72
37 38
9 54
1 66
65 21
39 5
36 25
33 36
25 41
68 63
35 22
57 43
9 28
36 59
43 15
45 33
46 34
82 34
48 67
35 71
72 8
58 3
64 70
14 72
65 15
36 31
49 47
31 16
41 60
55 73
31 51
40 33
18 6
40 38
79 48
16 66
56 11
30 3
63 66
50 46
21 83
35 64
25 38
62 57
75 1
62 83
56 6
21 75
71 77
25 59
35 43
8 19
11 28
42 36
74 7
12 62
15 61
73 18
32 61
16 45
20 6
32 12
35 47
45 12
31 63
65 63
79 21
55 74
8 39
12 21
79 35
59 54
11 20
66 8
14 79
34 30
13 44
63 11
50 15
75 40
80 33
9 44
67 5
41 30
24 16
32 68
1 56
51 46
48 35
84 38
82 35
7 40
1 44
1 60
66 10
54 61
53 83
11 83
53 75
79 30
43 67
28 9
20 82
70 62
48 23
31 62
7 66
6 53
49 66
73 26
42 55
66 54
11 51
31 47
4 74
27 82
38 79
20 38
5 19
67 46
54 20
62 7
46 64
65 61
5 24
59 63
28 17
22 32
30 77
52 19
54 80
44 38
35 13
26 60
8 10
79 12
30 61
30 2
47 20
64 53
33 24
4 24
68 66
8 14
78 34
18 38
38 10
61 8
78 2
7 61
67 81
38 63
4 64
65 75
41 84
2 67
75 42
81 70
14 17
48 68
11 37
73 77
53 8
64 24
43 32
51 47
1 13
26 45
33 58
10 37
57 60
53 69
64 59
65 58
55 41
32 18
51 67
71 30
2 47
11 75
55 48
61 76
16 70
65 69
65 7
34 55
76 9
9 30
61 19
20 9
11 58
53 68
66 52
6 43
33 5
76 49
78 50
1 37
12 2
44 70
27 13
13 1
47 80
71 57
56 22
21 35
5 69
61 39
50 43
6 45
24 10
56 36
48 5
76 12
29 51
57 31
70 76
61 6
25 48
71 3
76 31
3 62
14 40
47 78
33 22
53 23
26 53
51 39
36 20
45 47
48 28
1 80
17 42
25 3
83 13
32 54
39 24
60 9
36 12
33 71
6 7
20 58
14 16
51 84
25 76
50 81
37 55
4 23
23 63
55 30
74 31
2 62
11 6
10 7
36 18
49 70
37 51
71 19
33 66
4 72
72 43
56 54
23 57
79 25
78 11
48 7
46 55
24 84
76 43
54 41
79 76
1 9
5 57
42 63
44 80
38 53
40 55
8 26
43 83
70 65
83 10
63 30
49 39
20 65
57 2
15 74
79 40
66 62
82 49
62 19
64 18
14 49
56 72
1 23
38 61
66 65
21 73
67 53
50 14
5 46
8 54
76 65
16 64
43 45
81 57
30 46
7 33
48 69
25 55
65 39
10 36
55 77
36 32
55 9
61 46
2 51
32 77
64 1
14 20
49 73
36 54
19 81
78 15
52 67
43 54
50 27
22 47
47 51
30 20
79 61
17 66
57 54
47 84
13 60
61 63
51 6
10 41
33 40
47 19
28 81
5 59
78 46
42 81
73 6
63 51
6 68
29 7
28 33
10 80
48 81
17 25
42 31
37 15
72 50
31 64
4 25
59 3
56 61
53 27
6 44
69 39
67 28
65 80
28 46
81 76
61 81
33 62
33 81
69 7
31 12
69 54
61 69
36 66
29 71
34 57
7 20
51 5
41 80
39 49
55 63
54 59
8 18
74 35
45 7
40 1
76 47
19 10
66 76
22 65
28 62
59 64
71 68
24 26
56 80
44 37
19 77
10 59
62 12
6 8
47 46
16 22
41 56
39 16
35 39
78 14
37 42
30 12
26 24
21 48
68 72
29 4
73 25
35 50
7 13
83 6
43 51
22 67
65 31
4 22
48 60
61 77
74 81
40 29
70 60
72 25
71 78
35 23
40 45
26 25
66 35
64 82
45 5
81 60
21 12
24 39
23 1
28 40
14 18
51 30
76 82
26 64
24 7
20 8
77 66
74 79
56 24
58 79
71 66
66 19
54 84
27 19
78 13
21 16
58 2
21 54
69 44
36 9
84 3
31 3
63 57
82 15
6 31
12 69
36 47
32 44
24 71
28 19
51 35
60 48
79 59
52 65
6 38
47 76
66 71
38 64
53 78
48 49
73 68
2 70
45 57
69 21
15 38
28 20
77 15
51 42
36 16
21 49
19 61
4 8
83 41
50 71
17 54
59 37
18 8
17 46
36 27
54 52
11 60
64 33
45 78
57 25
46 9
37 31
83 77
23 40
21 67
77 83
43 16
75 38
83 21
69 38
60 67
5 75
77 75
42 62
12 14
76 60
7 79
21 42
46 14
17 62
75 72
49 75
72 2
76 54
65 41
60 15
22 15
60 22
16 50
51 2
17 61
37 75
70 14
20 59
37 45
61 64
63 82
64 57
55 46
52 81
75 74
81 7
68 44
38 67
51 33
30 67
1 83
12 52
84 40
1 61
2 28
42 46
15 40
11 24
16 25
80 38
55 32
51 31
81 66
33 57
76 80
56 39
45 30
50 42
82 36
9 8
18 76
68 40
45 76
43 21
57 7
62 11
8 64
75 30
7 6
40 53
1 5
34 25
51 14
67 66
34 65
84 12
13 46
82 13
79 77
16 37
53 1
25 31
40 76
30 40
30 4
2 20
56 49
50 77
32 30
76 14
28 42
17 35
17 2
39 31
41 75
33 65
6 71
67 74
29 72
54 79
44 15
23 13
32 28
27 68
44 34
84 35
81 38
58 78
62 41
35 84
40 19
41 46
36 61
44 27
68 13
18 62
69 46
26 11
77 73
64 83
68 22
31 78
38 6
32 31
2 68
84 6
6 48
64 71
75 13
36 17
69 2
61 15
83 43
35 2
43 18
6 1
63 70
67 25
41 21
54 73
34 38
39 15
12 3
8 11
60 66
66 80
71 54
18 27
22 24
49 54
53 44
42 70
5 36
23 59
82 64
31 52
43 76
48 64
56 78
22 66
15 26
35 29
75 25
51 62
25 14
3 10
21 79
21 8
80 32
29 63
1 4
45 64
31 33
81 84
54 25
58 27
47 42
56 63
81 79
43 71
65 26
81 61
20 5
1 3
4 54
28 16
53 2
50 62
13 3
52 6
4 13
53 20
31 50
78 68
28 4
19 7
38 60
22 57
23 27
58 10
54 48
36 82
66 22
51 24
27 25
25 24
16 3
77 34
25 22
5 63
78 84
46 59
55 10
48 61
33 76
12 68
27 76
32 38
77 21
40 69
7 74
48 82
70 84
54 68
4 1
80 69
59 49
34 71
36 65
1 8
2 52
70 33
59 19
58 40
3 70
8 78
71 17
60 80
16 24
43 22
83 79
4 37
71 48
57 17
34 69
77 31
66 1
45 9
72 55
55 26
84 70
17 6
47 72
72 75
71 20
40 44
62 65
14 4
2 13
61 12
25 84
22 74
67 69
82 31
1 79
22 26
4 49
36 64
72 73
51 7
18 70
45 26
41 43
32 66
30 70
73 47
65 56
3 8
14 69
39 72
49 19
30 17
14 29
6 24
20 49
36 72
56 25
37 74
56 28
53 71
77 9
35 46
3 45
29 47
12 48
62 54
66 29
45 41
83 72
41 19
36 5
73 11
47 13
23 11
74 44
33 56
4 76
47 28
61 44
10 81
61 4
66 84
39 8
67 58
18 54
50 8
6 32
4 82
82 75
69 8
2 49
63 76
6 41
44 10
70 58
65 47
58 7
54 9
46 8
76 32
21 43
58 31
33 8
14 12
30 73
19 58
64 47
69 24
17 70
6 9
52 3
30 31
64 3
73 42
21 26
36 60
24 23
9 57
15 5
8 24
33 84
53 45
31 60
68 5
11 30
76 18
83 46
12 64
55 5
81 63
69 10
6 51
38 1
20 2
76 61
23 81
8 35
4 39
1 6
52 75
18 48
49 41
42 11
84 18
65 72
55 2
15 18
80 68
69 19
37 81
21 23
32 49
42 32
38 69
14 61
2 72
4 52
43 42
52 20
34 29
31 48
56 53
48 50
62 2
63 50
53 13
12 29
25 5
51 61
41 34
80 59
70 23
20 69
13 47
10 47
8 23
58 17
47 3
14 51
38 58
42 4
74 64
11 54
17 65
33 50
10 71
34 45
66 25
14 83
82 56
68 78
76 25
34 40
41 36
25 72
27 84
42 74
17 45
32 63
84 71
37 18
77 64
73 45
81 46
78 6
52 30
24 80
17 1
5 70
82 26
52 60
71 22
58 13
55 15
19 23
73 82
59 57
9 61
7 31
15 62
44 14
25 8
7 29
56 48
14 42
15 49
37 48
28 63
53 34
31 49
23 15
31 79
53 67
83 50
75 11
27 65
73 31
20 72
21 57
34 14
69 75
24 83
58 12
35 55
14 23
69 74
22 40
67 11
63 64
37 68
59 74
5 42
49 42
68 26
69 60
29 23
52 32
69 41
15 69
11 4
75 71
24 38
5 65
83 39
34 52
33 28
51 17
9 22
40 23
80 46
26 32
2 57
54 2
43 82
37 46
66 61
76 68
21 64
31 26
34 11
84 46
72 53
18 82
47 43
5 54
55 64
68 36
35 8
33 12
50 70
57 32
70 25
12 37
65 67
46 57
36 43
60 39
21 59
54 13
47 6
22 77
62 61
65 44
39 62
8 3
2 56
53 36
64 68
44 17
43 25
28 2
21 78
72 78
19 78
22 10
56 32
61 62
46 56
38 70
67 47
23 34
16 81
32 17
62 80
9 50
7 28
5 66
38 19
60 45
14 50
42 53
63 74
71 11
36 53
50 31
56 10
58 32
39 29
57 47
62 75
21 74
5 22
63 54
60 77
55 54
72 18
53 84
56 40
27 34
64 11
19 39
30 14
58 8
47 52
38 7
53 39
38 17
67 43
28 3
61 51
77 58
36 42
41 79
81 20
58 69
32 53
3 78
6 16
67 23
74 22
79 37
15 8
80 74
30 54
16 33
78 81
52 61
4 47
9 37
62 53
49 62
4 50
81 48
22 20
70 78
14 35
76 58
68 43
14 9
56 9
20 15
36 74
35 68
26 17
73 21
26 27
75 39
29 79
76 5
16 20
11 74
77 38
70 5
23 58
3 24
12 82
2 79
37 10
40 46
84 56
22 59
42 75
10 6
18 83
2 60
8 43
28 79
44 55
62 68
18 2
40 9
13 40
63 77
78 20
14 39
27 3
26 59
17 22
66 67
11 27
72 5
73 7
18 34
55 45
36 23
16 84
11 38
63 15
26 35
65 22
23 28
27 80
24 51
81 27
1 54
54 42
25 10
28 23
11 34
24 57
45 77
22 63
59 42
56 44
61 36
65 25
66 24
32 11
1 35
39 22
81 54
40 16
77 23
13 19
3 60
7 19
2 42
50 55
75 82
77 78
18 68
27 15
22 7
17 82
3 84
40 52
55 53
35 74
52 74
32 79
46 42
64 31
11 1
56 2
49 76
63 55
39 3
38 2
13 42
73 24
3 23
35 52
77 69
50 36
46 33
33 16
29 70
1 59
13 9
72 36
60 65
70 79
58 63
69 34
20 57
13 10
40 8
72 31
52 1
37 66
17 74
81 55
67 79
27 58
13 16
53 70
39 10
8 60
59 40
27 54
62 77
73 17
27 44
41 33
47 69
10 53
68 81
76 45
60 19
20 32
33 11
84 1
62 20
39 64
56 57
74 65
68 50
10 74
42 27
25 4
16 65
70 3
71 4
38 62
24 45
67 30
12 72
76 17
15 43
59 48
70 83
64 44
84 80
40 47
4 68
63 60
37 23
55 47
12 80
44 47
49 15
72 37
36 13
72 59
21 25
51 77
26 34
80 39
20 78
54 65
22 9
9 42
50 59
17 60
23 66
14 55
74 6
71 56
15 20
28 74
48 74
47 63
71 53
20 42
31 56
13 26
44 3
10 25
40 28
25 67
54 57
80 62
22 46
60 81
44 71
54 62
8 83
38 46
41 71
39 12
11 62
30 55
37 43
33 39
13 25
39 61
42 2
56 23
8 67
24 6
33 48
33 21
71 84
67 76
54 53
12 9
28 65
61 83
3 81
40 61
14 31
54 32
53 7
61 79
60 2
79 58
21 6
64 23
36 76
16 4
51 50
42 16
37 3
16 51
13 39
48 14
67 54
18 7
9 14
50 47
33 79
13 65
23 65
25 44
16 59
54 36
75 79
3 27
17 9
70 43
77 46
31 17
24 31
67 4
84 74
17 69
76 42
51 54
25 23
68 52
79 63
82 59
44 81
5 67
79 43
54 78
53 80
6 4
49 80
2 53
34 82
38 45
21 32
67 65
70 72
30 39
37 20
17 50
67 42
70 69
20 84
7 51
60 44
6 37
36 83
67 41
68 49
50 9
64 7
16 18
50 18
67 18
10 31
17 76
38 35
83 33
81 3
30 15
35 21
19 54
72 20
30 9
75 17
52 43
27 36
14 38
54 18
23 36
59 9
34 16
12 74
57 3
7 3
19 3
29 19
50 73
78 63
26 23
71 70
68 15
25 2
74 56
53 62
57 48
70 35
50 34
75 20
69 52
17 30
32 20
59 26
24 79
17 23
74 45
76 77
26 9
40 54
31 61
28 26
29 36
42 22
24 68
35 5
15 7
69 17
80 2
33 9
72 51
40 49
73 37
72 64
55 70
58 15
23 64
4 36
15 1
31 24
64 37
4 26
10 68
64 27
29 35
26 1
81 30
44 30
6 50
61 68
29 42
69 67
83 38
61 28
49 68
23 75
11 22
1 71
68 61
58 68
26 73
21 5
15 80
79 34
75 49
7 30
55 82
22 12
56 38
77 3
75 8
4 70
55 75
70 7
52 50
64 10
31 45
38 30
68 73
15 36
45 14
32 14
57 26
25 82
84 62
28 5
64 74
26 58
15 28
54 56
18 73
35 69
42 37
69 45
56 83
43 1
40 83
35 20
71 65
62 9
11 47
67 62
54 44
61 42
80 42
20 50
29 67
3 57
83 68
20 44
12 43
19 34
33 4
65 40
80 77
74 19
80 36
33 82
75 84
59 1
65 4
81 83
31 22
67 24
35 42
69 35
56 19
11 67
53 29
58 72
80 83
10 14
61 1
38 36
41 23
65 23
3 67
61 13
33 73
82 21
32 48
18 45
65 3
37 73
62 6
26 40
30 74
25 78
51 73
66 32
14 5
59 11
4 62
20 54
52 35
31 27
36 71
34 46
36 8
53 30
50 48
29 39
83 24
34 10
22 18
48 40
4 19
57 30
49 36
5 21
65 27
20 64
17 8
63 3
2 27
16 53
18 32
32 25
5 58
3 9
22 68
42 84
47 31
51 48
20 29
30 83
33 64
52 13
58 57
17 16
33 25
6 83
76 1
81 37
6 59
43 81
54 64
48 42
30 36
51 43
20 16
30 75
11 18
43 77
4 73
1 82
73 9
64 62
34 77
42 65
30 49
67 71
33 31
65 83
46 11
4 44
56 15
21 30
51 4
19 6
45 54
39 28
67 9
29 76
80 11
32 57
74 59
60 74
82 51
16 74
4 81
44 62
51 36
7 45
73 69
1 53
50 25
50 82
27 61
18 29
39 4
83 82
80 19
11 72
65 84
40 27
42 82
44 32
24 21
5 33
62 24
43 80
77 1
10 23
28 34
78 80
32 29
78 74
84 11
39 6
48 77
46 41
56 79
31 29
7 84
83 28
44 50
51 56
37 54
45 63
70 66
5 6
65 9
30 16
24 59
39 26
9 59
5 15
48 10
73 43
14 8
62 64
26 3
79 28
53 65
56 41
11 35
12 47
31 14
2 11
56 52
8 38
63 68
12 11
83 16
72 61
8 46
54 70
45 8
60 29
67 10
63 17
18 3
16 47
28 73
73 75
78 30
75 14
39 38
20 36
33 75
80 20
69 31
46 15
29 17
55 16
2 80
13 75
21 1
65 45
84 48
27 49
20 67
58 11
31 4
3 18
10 4
79 38
68 42
23 7
4 31
73 2
59 18
69 30
47 23
30 78
57 18
82 6
69 15
57 67
29 53
82 58
81 6
9 67
31 19
38 43
6 77
43 12
66 15
82 57
51 12
52 78
46 49
14 66
51 21
23 38
79 9
84 32
30 72
49 43
70 40
8 34
83 61
17 37
28 72
6 60
58 52
67 13
19 60
35 51
14 78
63 31
80 51
27 39
3 37
35 4
78 82
67 16
33 53
61 72
28 54
4 61
30 35
78 61
19 83
74 25
13 37
70 56
10 70
39 41
16 58
51 82
65 57
27 75
41 59
17 4
62 70
31 53
38 5
21 28
41 9
23 22
26 6
13 63
78 4
77 49
67 14
59 10
33 80
80 67
31 74
12 6
59 44
50 44
31 28
25 20
38 78
50 13
53 9
11 55
65 48
3 56
28 25
31 80
44 6
82 67
34 7
20 24
20 46
50 63
35 7
82 61
18 52
58 36
67 2
84 9
70 44
6 64
47 77
84 22
10 77
8 41
7 8
53 15
81 10
84 47
9 70
15 37
84 39
52 55
2 34
14 80
43 40
22 72
18 61
49 37
49 72
57 6
16 29
62 78
21 19
32 35
9 10
67 12
27 81
5 31
13 20
12 55
33 46
2 65
11 76
63 34
56 59
16 14
16 43
23 51
34 66
30 22
19 51
11 84
37 78
50 60
55 62
32 56
16 57
44 35
47 14
68 47
16 80
63 67
32 83
22 71
4 10
58 23
49 77
35 75
43 14
42 17
20 80
76 21
16 26
42 19
77 30
27 21
56 60
57 22
12 84
69 48
33 6
33 55
40 77
80 22
7 63
16 69
62 21
3 16
50 5
73 84
32 40
42 58
81 9
29 31
45 17
42 59
18 26
41 40
53 10
23 71
72 67
2 59
77 16
72 32
20 28
49 26
66 11
45 71
56 7
71 83
75 4
79 62
78 24
46 69
55 61
66 31
52 12
25 54
9 81
81 73
25 26
52 69
7 2
14 34
50 67
12 26
45 35
28 61
80 34
66 18
34 49
61 60
9 47
20 83
52 5
48 56
64 78
79 51
48 2
10 12
12 50
8 21
44 68
26 13
84 44
54 58
53 32
70 41
32 1
84 82
35 3
26 71
70 67
81 21
72 26
37 14
13 36
75 21
41 77
27 74
78 66
18 50
1 76
46 35
68 37
38 44
69 32
49 8
29 77
51 38
27 48
16 77
11 39
52 15
21 22
69 50
78 1
41 48
40 62
24 17
35 17
75 16
14 65
29 16
45 3
79 1
66 39
36 39
53 77
37 2
21 9
50 69
74 11
82 1
12 60
5 78
33 51
55 40
37 47
29 57
80 57
38 16
44 79
18 63
18 12
48 57
61 74
62 18
23 84
81 8
16 23
16 68
40 20
33 74
10 84
77 70
3 42
73 29
20 61
21 15
80 65
40 42
46 2
82 73
19 40
21 4
64 16
5 10
37 4
84 72
83 63
43 79
3 33
57 20
5 51
29 11
15 81
53 47
9 84
61 11
80 5
18 40
76 4
24 8
46 19
57 1
27 4
22 51
65 79
47 68
8 30
55 13
28 41
10 20
49 32
68 21
55 37
54 24
24 67
27 56
78 65
43 8
46 18
10 73
59 7
69 28
44 28
66 20
64 75
45 34
37 24
66 28
40 51
24 41
23 54
72 42
53 40
66 83
78 55
62 36
11 15
48 73
15 70
67 75
12 65
3 12
12 57
43 7
80 66
41 16
74 77
22 1
29 73
59 82
50 10
34 73
19 71
40 75
76 59
3 26
18 13
76 7
30 37
1 51
70 4
32 37
13 55
34 35
21 62
47 36
83 8
44 74
36 50
75 6
69 56
1 38
63 71
28 71
82 76
36 40
51 23
10 48
9 21
64 29
44 76
62 51
30 10
74 82
35 18
5 26
84 69
33 44
81 18
15 30
79 27
75 73
63 21
11 63
80 79
36 41
52 63
6 19
33 15
10 29
46 68
39 2
18 66
5 28
77 47
59 31
59 79
42 56
53 46
60 31
3 79
20 34
7 1
84 25
24 43
78 71
45 4
76 38
70 45
34 41
59 6
17 75
33 47
5 30
41 81
21 13
46 79
83 74
60 84
25 27
71 36
2 37
57 53
64 35
12 41
35 26
78 62
72 30
77 25
19 31
11 82
82 44
51 63
4 69
61 66
18 56
55 79
81 16
48 47
21 60
18 20
15 32
52 24
76 72
45 81
84 4
64 66
22 3
35 37
11 48
39 57
36 26
2 17
74 37
50 19
75 51
35 15
44 16
24 14
77 29
65 42
51 66
12 18
25 43
44 83
32 5
13 66
49 55
47 22
55 78
12 16
79 44
16 61
57 58
82 43
76 20
19 72
60 49
12 35
61 27
21 63
60 71
70 16
43 49
63 43
34 51
54 75
45 52
60 69
38 49
10 46
22 29
38 83
53 79
43 9
60 63
46 72
28 55
31 44
79 73
57 27
79 42
72 58
47 9
1 21
30 33
1 49
14 73
70 8
1 70
31 75
8 49
18 69
48 16
52 77
74 27
84 49
45 23
61 67
44 58
61 70
29 33
22 75
39 56
1 18
12 77
66 17
38 32
68 84
75 83
65 30
42 18
41 13
40 56
37 36
67 6
16 76
73 52
73 27
76 78
35 70
34 56
31 30
81 50
50 20
59 20
11 36
49 18
73 8
40 10
18 57
38 80
9 18
67 32
2 32
69 26
46 53
70 77
39 43
3 11
44 42
81 19
15 6
2 15
61 10
19 46
52 64
37 41
15 19
83 9
33 49
74 83
11 65
73 1
4 32
50 80
65 13
21 33
57 40
78 42
84 79
19 20
78 60
66 57
57 61
15 54
76 28
56 30
44 65
24 55
84 52
35 79
9 69
46 70
23 8
84 83
7 37
71 69
82 29
69 55
64 26
10 19
84 20
20 68
18 44
29 18
13 61
41 53
24 56
42 33
41 69
32 10
30 1
37 30
49 69
84 8
60 57
81 62
27 14
5 83
45 70
68 1
39 71
68 18
57 81
39 27
58 38
40 72
7 32
24 74
40 22
15 23
66 51
41 24
26 28
66 16
2 6
54 37
50 58
45 56
66 78
75 56
64 14
58 28
78 67
56 71
23 45
14 71
53 55
27 59
34 54
84 41
27 57
11 79
59 34
27 43
2 18
58 74
83 75
71 44
75 64
50 54
39 77
55 36
49 57
42 6
65 20
39 69
58 21
1 2
73 3
38 3
46 84
16 6
49 1
33 10
5 71
33 27
62 27
12 40
22 52
71 1
28 35
43 37
6 17
79 66
28 37
74 32
65 54
37 35
70 22
37 9
18 37
39 68
83 52
56 66
7 78
21 27
67 82
31 37
83 14
31 84
5 17
45 67
62 37
45 79
58 20
46 50
78 58
57 73
2 69
84 2
56 17
16 35
66 37
49 27
82 69
17 7
77 62
70 63
34 43
63 58
25 45
8 66
43 6
52 70
21 65
10 40
17 68
19 24
22 6
59 2
34 58
5 61
79 83
9 17
52 2
70 52
1 47
71 82
35 34
53 24
34 78
27 6
64 65
1 7
2 75
66 75
83 22
71 29
81 65
7 47
14 25
15 12
76 79
29 61
7 72
58 19
2 26
47 10
58 55
55 22
9 35
53 21
56 3
63 26
81 17
78 22
11 46
4 27
33 30
14 76
72 24
46 27
12 25
78 76
8 75
58 4
81 42
72 70
76 30
7 58
42 9
29 3
2 40
56 18
25 52
77 26
29 2
83 30
58 25
23 37
8 51
81 52
74 51
35 67
4 41
31 73
82 81
23 77
50 22
59 41
45 20
44 60
11 19
81 29
24 25
66 46
55 34
48 54
83 31
7 71
79 17
47 35
56 81
59 30
74 38
36 2
82 80
9 73
35 28
69 9
1 67
83 49
17 41
28 82
51 69
71 13
2 77
58 26
34 5
50 3
24 19
55 44
72 15
83 47
75 62
51 20
80 43
78 48
14 28
20 30
42 49
26 78
13 54
57 13
52 26
56 20
12 83
58 65
31 18
12 71
16 48
73 33
48 76
32 36
42 34
9 51
37 57
8 37
82 50
24 1
42 51
68 14
53 3
3 75
84 28
14 68
11 7
63 75
20 7
3 4
77 39
3 55
18 10
36 30
60 27
30 79
62 33
26 74
25 65
78 47
35 45
80 3
81 1
15 31
47 44
5 12
68 64
14 62
60 82
8 50
41 82
21 14
45 51
5 41
80 78
5 55
3 65
79 20
32 2
74 73
82 22
58 76
58 24
34 22
28 70
55 38
7 81
24 77
77 80
16 31
9 29
32 21
60 40
69 5
38 28
59 83
75 66
73 44
24 29
18 41
23 42
26 65
64 81
63 56
79 70
64 61
57 51
63 65
3 72
23 14
84 55
39 73
14 41
84 76
83 56
53 82
75 12
83 55
70 74
39 75
78 8
55 68
70 53
67 49
62 10
65 51
51 34
15 46
16 36
41 15
76 34
21 53
82 18
27 17
61 2
79 69
19 16
50 45
44 75
36 19
75 55
58 77
11 26
6 36
40 2
10 78
59 14
7 5
76 63
4 3
60 51
84 14
57 72
15 73
21 18
26 76
68 12
3 34
47 37
54 5
13 14
29 46
71 39
83 57
11 73
67 64
59 21
71 81
81 45
45 84
79 4
64 39
66 5
31 71
1 45
68 32
20 66
38 47
23 26
38 12
21 31
67 56
16 62
62 34
13 15
40 50
77 65
77 56
16 82
10 62
63 59
50 72
71 41
2 45
83 3
32 69
41 78
58 1
36 35
47 56
79 68
81 39
30 76
16 55
36 81
49 64
47 26
18 71
19 70
24 73
25 15
47 15
48 4
83 34
38 56
5 82
22 80
40 7
8 58
51 28
51 44
68 28
6 84
63 22
58 53
8 80
30 71
46 28
65 19
3 71
58 62
20 56
26 66
24 69
16 41
13 41
59 73
39 79
6 61
37 84
62 55
17 79
53 57
34 74
59 58
72 76
17 39
68 10
3 35
80 10
66 81
48 3
65 71
74 58
3 21
13 80
80 71
37 32
17 33
54 45
24 53
71 76
12 58
6 54
17 27
39 23
40 3
4 56
77 28
37 13
60 79
43 39
25 53
68 30
49 14
43 29
28 52
24 81
31 40
48 8
28 77
20 77
36 14
10 52
20 33
40 67
44 7
28 12
46 39
42 20
26 19
31 36
13 69
43 36
47 62
42 21
11 31
60 6
69 70
28 30
33 32
44 54
11 40
10 45
51 29
27 5
23 25
71 73
20 45
27 71
6 69
27 64
68 34
3 29
18 35
77 63
13 17
69 20
58 34
66 63
43 70
18 25
25 47
76 23
70 55
60 41
52 57
78 16
10 16
5 13
3 30
6 81
1 43
2 23
83 81
72 12
57 24
45 72
69 49
56 67
68 65
28 64
46 51
64 54
41 63
28 22
49 6
25 68
24 27
66 41
47 33
39 9
26 54
13 82
43 35
60 30
82 17
7 56
32 76
13 83
17 52
4 60
63 8
72 1
31 72
79 41
29 28
41 67
24 64
33 70
29 6
76 35
57 14
44 63
76 36
72 54
38 82
33 17
77 7
13 7
42 23
64 79
49 20
23 67
13 68
1 17
58 71
75 80
46 77
52 82
74 68
17 36
20 31
32 39
61 56
25 60
4 65
61 9
9 58
8 68
55 14
30 64
12 1
80 40
17 55
23 31
32 46
59 36
56 47
16 75
28 6
14 26
65 16
26 83
13 43
45 25
47 82
42 50
35 14
40 58
37 40
51 9
56 21
20 17
61 25
30 28
16 13
19 84
79 74
60 1
40 25
52 58
48 62
49 7
24 3
70 82
53 33
53 22
48 78
74 84
83 64
6 13
67 70
56 31
44 67
82 83
69 18
21 70
30 53
34 3
57 36
83 54
13 74
30 82
39 48
37 65
84 30
26 38
74 50
29 20
52 36
74 9
2 1
17 34
53 61
7 64
8 71
82 11
70 9
67 36
26 41
69 73
2 25
51 41
51 70
20 81
66 73
34 28
38 34
1 16
67 52
10 69
2 41
37 59
59 4
22 48
52 71
75 9
46 36
28 1
42 57
59 16
6 52
45 44
45 16
84 61
20 53
64 2
50 75
49 29
38 54
57 70
3 25
66 38
12 61
30 5
84 75
64 6
34 24
39 45
60 75
37 58
69 11
75 58
17 77
83 69
57 19
12 63
2 33
7 10
58 66
12 10
71 2
24 52
42 52
1 63
11 9
80 17
16 72
13 24
72 17
6 67
70 46
46 44
15 79
55 4
80 45
52 29
41 32
62 74
46 63
54 83
84 54
75 46
18 21
33 37
50 4
67 29
19 48
2 61
48 9
74 3
39 50
68 58
66 9
79 72
18 11
46 58
62 71
73 71
8 36
64 34
33 52
57 44
30 23
74 54
80 30
8 31
39 53
17 18
44 56
19 62
71 80
50 26
72 65
20 43
31 13
36 28
38 52
49 12
74 55
36 11
32 80
79 31
44 23
9 6
79 19
49 40
70 68
67 21
12 4
3 5
56 12
24 82
9 7
57 35
58 82
32 55
65 11
35 40
65 8
73 64
3 68
18 53
66 21
59 75
14 3
76 71
59 51
39 44
13 23
81 26
46 31
35 56
28 57
27 30
12 15
55 59
60 72
9 48
58 22
34 68
13 28
63 72
74 18
22 81
3 36
52 76
60 34
45 19
78 21
17 80
5 81
74 53
82 68
60 56
14 37
33 67
72 62
9 2
47 54
40 32
64 28
48 38
62 1
68 4
30 42
82 54
25 17
8 20
14 82
81 53
54 35
74 52
19 33
61 20
34 63
48 24
72 49
65 46
30 24
24 5
34 4
6 29
67 39
57 37
47 65
61 24
43 5
48 22
1 11
52 38
5 34
57 65
36 15
46 26
1 12
60 37
3 59
15 35
41 76
42 68
5 27
78 39
21 34
52 79
59 22
32 52
34 27
12 13
63 81
42 24
53 59
67 20
45 61
49 38
25 75
28 43
13 30
67 15
4 67
82 12
50 68
23 43
78 29
5 73
77 43
6 49
27 53
83 27
49 9
47 61
25 18
70 37
57 79
25 16
7 75
54 39
16 46
54 55
22 17
32 62
58 50
71 27
54 49
13 38
49 13
6 47
6 62
81 32
21 41
64 72
56 33
63 13
64 69
76 48
47 8
23 19
57 9
50 66
70 49
46 12
33 41
32 60
18 16
44 36
8 32
56 58
72 46
49 59
53 54
49 56
26 39
16 38
49 2
76 11
47 24
43 64
16 9
72 11
1 39
71 12
62 28
35 27
6 26
78 53
31 39
36 1
41 68
79 26
22 35
84 31
64 51
43 11
18 75
74 72
75 37
22 13
11 41
48 19
69 43
24 32
54 12
19 15
68 60
16 30
4 63
50 76
84 65
7 43
44 24
39 84
44 5
10 63
71 25
32 13
45 29
6 78
34 61
67 40
60 18
4 48
29 40
30 52
50 65
27 79
75 68
61 17
36 3
80 64
26 75
55 65
58 29
75 41
42 73
30 18
29 68
47 45
19 28
13 27
62 3
56 37
35 11
31 21
46 47
45 80
20 62
17 15
38 42
36 75
61 73
77 67
57 5
49 52
6 20
79 10
1 24
71 23
64 45
20 22
83 32
43 19
57 80
50 7
66 82
57 39
14 53
46 71
33 78
45 42
48 27
36 24
57 64
34 1
75 15
79 75
7 15
36 62
62 43
53 37
53 76
57 74
11 17
58 5
6 12
23 80
54 30
28 78
46 48
18 5
37 70
10 83
32 42
15 53
76 19
68 48
50 39
81 4
28 15
80 23
41 28
15 59
37 1
17 10
38 71
34 21
76 50
5 3
83 53
73 57
66 14
36 38
74 5
58 39
37 39
18 23
7 77
84 68
7 22
50 11
17 44
27 41
23 3
45 55
28 36
81 56
32 81
24 35
57 50
61 22
50 33
36 67
80 52
75 81
24 34
84 64
67 50
47 12
43 13
54 82
27 10
82 66
18 59
62 72
83 1
47 39
21 10
16 1
51 71
1 62
74 1
52 39
49 22
10 13
43 41
15 10
39 14
17 59
8 48
25 40
13 32
12 33
27 12
18 4
10 24
59 77
9 83
36 63
17 56
81 72
81 75
59 38
63 46
72 33
52 83
73 76
10 39
22 84
73 28
51 15
78 36
66 59
21 17
48 36
80 12
72 19
19 26
84 50
52 34
50 21
27 35
59 43
44 52
38 51
49 24
50 12
11 25
52 46
21 36
67 77
78 52
48 51
8 57
25 32
52 23
35 38
45 60
25 36
18 67
55 66
77 48
48 70
76 33
64 4
69 71
9 52
44 69
29 78
11 49
55 27
64 48
53 51
27 23
27 18
59 76
54 29
11 53
83 4
81 58
30 84
51 22
9 12
68 20
82 27
73 20
75 44
39 60
42 67
73 58
24 58
43 28
18 46
9 65
70 13
67 45
21 20
7 67
53 43
4 12
77 13
46 1
47 18
69 64
22 45
47 57
1 10
29 49
27 50
29 21
6 63
68 69
1 73
78 3
54 6
40 60
81 47
29 45
6 65
29 81
36 57
35 32
43 72
43 75
2 63
49 65
9 43
39 37
29 22
11 77
72 48
73 41
52 44
77 24
38 31
82 53
44 61
62 5
78 17
53 63
65 12
68 17
73 36
68 46
66 69
81 43
68 8
81 64
16 67
55 76
3 76
1 46
30 50
55 12
40 31
9 72
13 51
25 58
59 66
58 46
76 15
61 41
43 33
25 70
42 7
50 64
60 20
66 74
48 17
57 4
5 77
37 72
26 55
55 21
30 21
45 36
79 8
8 33
77 4
84 13
14 81
73 74
77 61
41 44
6 22
78 41
1 31
79 60
36 48
45 21
35 6
74 43
21 45
13 29
29 66
25 62
12 70
42 25
24 66
10 82
76 64
7 42
11 61
36 4
62 35
24 20
29 34
14 57
72 81
46 67
40 73
77 11
63 19
10 43
80 60
69 36
76 75
69 6
3 49
68 9
19 17
8 70
9 38
25 74
70 59
65 59
40 4
50 17
9 20
23 50
40 17
56 75
16 60
14 36
15 66
19 79
47 7
43 10
17 29
83 67
39 18
46 10
30 59
10 54
26 16
72 80
19 50
28 27
1 28
43 44
83 51
65 76
14 7
54 11
41 20
82 40
68 83
33 14
8 74
46 20
22 27
82 77
15 41
78 43
45 31
45 37
33 77
45 1
11 66
66 49
67 34
64 43
37 52
73 5
78 26
6 80
55 42
64 56
84 77
7 35
9 78
64 67
44 19
70 34
2 38
53 4
70 80
37 82
43 34
41 61
83 80
62 76
49 44
70 47
65 14
76 22
69 51
68 82
38 73
1 26
24 47
67 27
30 34
36 77
53 42
51 3
2 36
24 63
62 22
44 48
53 73
26 69
76 8
43 46
52 80
57 69
21 55
84 10
13 4
9 24
51 52
43 23
5 14
48 12
75 69
74 33
75 7
40 36
49 50
38 8
68 76
18 72
48 41
25 50
69 27
61 65
15 24
45 66
51 55
65 37
19 65
12 8
43 50
59 56
12 34
15 58
3 43
19 82
83 17
55 1
29 59
58 30
59 8
42 79
76 29
29 25
63 42
68 55
65 10
57 11
33 42
43 62
83 40
74 40
28 80
67 31
54 31
52 73
7 34
50 32
4 17
38 20
62 73
6 79
6 75
13 35
8 76
73 72
40 12
57 52
56 77
9 45
38 40
23 35
81 44
23 44
49 17
27 29
19 44
25 61
68 33
21 56
28 13
37 49
19 67
16 42
30 8
77 17
53 58
84 57
8 7
38 18
5 9
37 64
65 33
26 15
69 23
31 67
29 65
9 74
9 76
47 49
51 74
79 32
13 49
15 9
16 8
49 82
78 72
46 65
15 33
67 48
10 35
64 19
46 52
68 3
59 45
50 6
65 81
57 41
38 59
24 33
39 25
73 12
25 57
67 57
48 44
5 40
78 19
8 13
8 52
45 39
9 25
55 29
41 3
26 48
82 4
16 78
35 61
43 58
61 21
15 84
41 64
70 21
8 42
35 62
19 11
77 74
42 44
56 8
75 47
74 61
53 41
47 1
26 18
57 55
11 42
72 69
49 79
56 4
2 7
10 67
80 76
46 3
12 28
38 14
25 35
49 81
10 61
12 36
62 48
1 50
84 27
60 12
46 40
57 34
26 14
37 7
52 25
17 31
24 65
80 50
21 46
75 32
60 59
61 18
23 76
17 71
80 26
9 68
74 10
63 38
36 70
12 20
55 25
84 37
70 42
38 22
27 38
3 28
30 27
50 83
33 60
45 48
43 38
53 26
49 23
54 81
5 8
6 46
7 80
30 32
71 28
82 45
70 27
4 6
72 56
47 58
3 61
2 30
20 70
67 72
37 19
4 79
27 46
27 63
25 77
72 10
7 48
54 21
63 1
81 22
64 42
66 60
37 76
15 44
35 53
82 63
1 52
23 6
62 17
30 48
62 38
76 62
17 47
43 65
69 33
8 45
46 16
11 2
11 57
29 10
60 8
19 43
66 13
44 13
48 52
56 69
51 79
65 24
52 33
22 2
23 78
21 51
43 55
34 47
38 48
66 55
32 22
67 37
7 36
10 28
12 76
81 2
77 37
39 55
8 2
42 10
69 13
26 20
70 73
25 63
24 37
68 11
78 18
70 10
84 59
9 64
64 12
28 14
16 17
80 49
79 39
42 14
37 25
75 77
16 44
59 33
39 46
73 51
35 33
81 59
27 83
79 46
19 52
32 15
25 51
52 28
54 10
25 1
45 11
74 57
17 14
77 32
7 68
67 19
61 43
82 55
35 12
70 11
1 14
81 23
35 63
83 48
65 68
82 20
17 81
79 54
26 61
53 35
82 30
19 2
41 66
72 83
15 72
22 28
77 50
16 2
47 4
44 33
75 23
77 40
17 72
27 62
4 84
55 18
58 44
36 29
23 55
43 3
64 49
51 26
16 71
29 37
7 16
28 48
72 13
55 60
71 21
56 50
62 31
46 25
71 32
83 60
29 50
38 65
76 84
58 47
40 13
10 2
17 49
53 5
75 31
7 73
59 60
23 68
19 45
42 38
44 77
1 65
62 23
75 67
63 79
40 48
63 25
40 35
72 41
63 80
67 61
18 43
66 2
44 73
15 14
3 1
24 70
54 60
41 6
43 20
47 21
42 47
41 39
12 67
66 47
73 10
16 83
14 30
39 34
7 52
76 2
46 61
32 67
70 15
1 78
41 17
49 35
68 74
4 9
57 38
26 50
48 18
14 44
76 16
79 53
36 33
60 32
27 1
70 81
79 6
72 6
32 78
79 3
60 52
74 21
39 63
76 13
10 5
62 45
56 1
84 5
8 5
34 79
29 9
60 21
43 59
83 5
80 31
71 60
56 74
34 23
32 71
61 55
22 49
69 61
31 6
24 76
69 57
53 18
52 72
82 32
46 54
83 25
48 83
47 17
78 73
19 21
3 20
27 8
3 22
36 7
31 8
76 46
29 83
25 81
21 50
10 33
46 23
23 10
73 15
48 72
21 44
36 22
28 84
75 63
65 82
40 11
25 66
33 18
8 55
42 69
65 78
22 53
20 12
9 15
7 60
57 46
4 15
54 16
45 28
59 12
67 38
15 83
10 65
70 2
14 84
82 78
35 48
62 40
13 58
64 22
65 52
74 46
50 53
48 11
42 40
51 60
13 57
40 63
1 58
59 70
61 53
6 30
52 56
40 30
18 64
1 72
76 10
24 15
31 65
52 27
56 27
35 57
34 13
63 36
58 18
39 58
19 22
47 83
62 67
27 2
60 24
10 49
72 9
29 14
33 13
17 3
49 28
73 40
14 43
2 78
29 84
13 64
54 1
60 43
82 84
78 5
3 38
29 64
12 19
14 48
8 16
39 35
74 69
18 39
7 55
77 2
34 53
61 58
32 84
10 8
79 56
52 17
69 80
66 64
60 35
37 83
17 12
82 71
71 62
17 48
73 54
74 17
2 16
48 79
19 12
54 8
34 8
19 80
1 32
8 12
70 24
62 81
12 73
5 18
57 29
68 7
27 9
57 42
18 51
49 5
66 56
17 67
4 55
56 68
34 64
14 59
69 63
32 74
23 60
35 65
56 16
28 24
66 72
61 16
28 18
13 77
56 82
69 62
78 9
62 60
1 41
30 51
12 17
49 46
34 50
71 43
15 2
76 55
5 38
73 48
78 64
20 25
44 9
60 76
64 32
72 71
42 45
46 45
78 12
27 45
42 26
83 65
8 69
26 2
74 36
47 2
43 27
51 59
61 84
40 39
71 47
59 13
19 56
23 61
2 19
20 27
2 35
79 7
48 21
41 55
19 37
65 49
59 35
28 11
1 68
41 7
53 60
15 60
74 2
40 70
57 45
40 14
82 46
29 41
37 5
43 26
44 25
32 41
77 6
20 52
26 62
73 16
25 33
80 18
56 26
13 70
61 82
66 42
66 44
56 84
37 67
60 23
20 60
14 10
24 61
43 69
28 32
75 70
31 42
21 29
54 50
51 83
62 13
30 45
22 50
5 39
31 59
78 51
42 5
79 84
68 51
26 68
38 24
51 13
72 38
10 42
1 30
17 38
82 7
71 35
2 10
41 42
3 15
60 46
75 61
32 4
3 58
18 74
81 25
83 76
77 53
44 22
59 72
84 19
26 22
20 40
39 47
21 52
68 41
14 46
8 44
29 75
33 72
14 75
61 78
22 25
44 18
60 11
58 45
47 5
44 40
7 41
65 29
21 39
12 66
24 50
83 58
4 14
67 68
5 25
2 14
4 58
9 80
61 32
1 27
62 16
51 76
60 4
62 8
31 81
15 78
36 10
57 68
23 62
78 79
50 61
71 14
49 84
55 17
50 30
74 15
4 33
76 44
20 79
22 69
57 15
68 19
41 65
19 36
29 60
59 46
2 81
71 74
83 70
49 48
61 49
35 60
80 72
21 37
8 4
34 33
60 68
36 80
69 81
37 34
79 33
40 5
23 47
57 66
76 27
57 71
80 1
33 2
45 50
29 58
80 35
32 64
28 76
57 16
31 11
82 33
26 21
47 30
16 32
18 65
34 17
81 69
23 5
78 75
65 32
59 47
46 83
14 64
39 59
48 30
67 33
18 78
29 38
65 28
28 8
37 60
35 81
73 22
9 53
36 84
9 63
16 19
6 27
20 13
22 23
13 22
5 64
3 13
6 72
30 62
18 60
66 48
13 81
60 38
79 55
70 54
76 67
50 41
56 45
28 53
82 9
15 17
70 39
4 7
79 5
24 48
11 44
16 34
6 42
10 57
11 70
14 21
69 3
54 38
4 43
83 78
58 83
41 47
28 75
42 60
18 84
49 63
26 29
42 71
59 78
46 24
30 41
63 52
42 30
45 27
3 66
76 24
34 48
55 51
70 31
83 7
45 15
80 53
11 64
55 35
4 18
73 83
70 36
69 66
69 77
80 44
55 8
61 35
44 29
55 81
7 82
71 40
50 51
9 5
26 81
22 5
14 63
11 43
82 8
5 43
61 14
52 40
6 74
19 38
10 11
23 30
45 38
10 27
76 56
82 41
27 28
9 46
47 38
73 23
75 53
9 71
47 55
27 31
45 69
56 29
38 55
66 77
78 70
69 25
12 54
81 33
72 68
39 80
74 62
10 18
70 48
13 52
34 72
14 32
35 31
36 58
27 69
84 33
75 45
3 44
81 34
73 19
72 77
23 2
82 28
32 82
31 54
22 61
80 29
36 46
38 72
25 6
22 43
35 1
68 38
6 56
7 12
70 38
25 11
83 62
17 5
42 35
39 70
35 36
80 6
82 74
52 68
79 57
1 42
56 46
45 10
73 78
34 70
61 54
3 73
31 2
37 26
2 71
66 53
64 46
29 13
63 20
14 54
4 57
28 67
6 55
25 19
81 40
44 78
6 57
27 26
69 68
3 80
77 45
65 38
42 77
65 62
72 23
69 22
48 20
18 36
26 5
78 32
83 23
79 71
71 72
20 75
60 42
3 39
25 29
74 67
32 72
78 57
48 58
49 33
16 52
11 5
10 72
42 1
25 13
44 31
66 34
49 25
51 18
10 58
65 35
37 44
34 36
39 82
12 81
48 13
78 45
33 26
27 37
8 17
79 24
38 68
6 58
31 58
49 21
40 6
21 66
70 57
70 28
70 29
66 30
23 82
82 38
73 35
22 73
57 62
33 7
31 55
77 41
19 47
74 30
51 45
10 17
26 57
30 29
80 82
32 27
70 50
75 48
10 3
36 45
32 47
46 81
22 11
5 29
64 84
69 82
7 17
69 53
39 19
43 24
79 49
66 27
72 52
20 23
8 29
10 64
29 8
47 79
46 74
26 77
60 83
5 68
39 1
82 25
51 10
35 24
63 7
65 53
75 22
12 42
55 69
81 14
20 10
22 38
80 21
50 74
69 72
56 35
37 61
9 23
19 8
2 74
20 21
19 30
4 75
1 34
84 43
82 65
7 57
57 28
11 14
12 5
10 66
15 47
54 74
52 10
2 31
61 47
8 82
45 65
71 24
5 56
38 15
41 2
37 29
15 51
9 11
52 21
6 70
35 80
77 42
3 77
46 60
51 1
47 50
48 46
70 6
66 26
63 14
15 77
78 38
32 34
57 84
72 4
14 70
60 47
61 40
5 16
55 57
71 58
68 56
24 4
62 15
73 65
51 65
21 61
29 56
72 79
36 68
23 41
46 78
33 20
34 32
14 58
78 31
61 75
10 9
23 79
80 48
27 72
63 40
66 50
29 43
8 40
2 29
34 31
53 16
57 23
18 15
41 26
41 18
79 50
84 66
4 30
51 78
24 18
51 68
41 1
26 7
31 7
23 83
71 34
15 82
43 48
41 70
58 9
60 70
70 19
77 36
55 20
26 51
76 51
26 49
72 63
28 45
51 57
79 18
5 47
44 57
23 48
39 36
68 35
46 5
74 28
38 77
54 71
49 74
69 40
2 46
62 63
39 30
37 11
67 35
19 27
20 35
33 34
42 48
65 77
55 24
39 32
63 5
40 74
30 60
2 64
2 55
26 79
19 75
71 50
13 11
14 60
50 23
52 11
82 14
57 76
30 80
9 66
52 7
1 19
41 8
43 66
15 25
55 31
83 11
19 63
19 74
26 42
45 82
41 25
11 21
38 27
50 2
83 18
48 6
67 60
41 37
34 2
61 33
6 66
43 63
12 56
1 15
20 11
50 37
1 75
80 55
33 19
10 51
57 10
19 1
28 58
7 62
59 61
29 1
36 78
1 77
78 77
56 76
49 53
23 21
29 69
74 78
30 26
17 19
45 46
7 83
80 9
11 13
25 80
82 62
60 16
69 83
54 40
74 8
60 50
33 63
75 3
23 49
58 70
11 3
22 19
38 41
79 80
72 34
72 82
80 25
35 54
19 9
16 73
44 4
15 48
42 64
65 18
44 12
73 62
1 40
60 61
32 24
20 19
68 71
42 83
23 53
12 53
24 9
31 5
75 27
68 39
18 1
36 52
35 59
31 35
76 74
17 51
3 51
29 27
30 65
37 71
78 54
22 31
52 14
70 32
41 50
26 33
1 29
83 84
59 25
38 76
26 46
84 51
25 9
49 3
28 59
24 11
61 31
69 29
81 12
48 63
69 84
9 1
61 29
28 60
23 74
83 26
52 51
8 56
24 36
3 63
32 19
70 71
23 17
4 53
53 50
40 26
69 16
24 72
5 37
30 66
78 44
15 34
66 58
65 60
42 13
32 9
9 19
8 6
54 23
63 37
59 69
42 80
34 59
22 4
33 43
23 56
46 17
16 21
62 46
23 32
18 30
6 82
15 52
31 41
81 35
83 66
60 73
63 35
53 14
22 34
22 56
19 76
71 38
37 77
63 45
22 14
62 58
34 18
8 59
39 65
37 33
39 54
35 9
34 37
11 81
32 23
41 38
14 19
55 72
9 31
80 8
15 56
46 66
3 14
8 79
84 7
37 6
83 45
82 52
66 36
83 12
18 17
82 60
46 75
47 32
67 44
62 26
81 51
24 12
74 24
46 6
30 13
76 69
3 74
45 22
17 26
12 46
4 35
34 20
76 57
27 52
71 46
68 57
8 81
6 21
47 81
4 20
84 15
51 75
70 17
77 81
13 33
21 84
29 62
75 43
59 39
21 68
40 41
13 67
1 74
5 76
67 3
25 37
48 55
54 72
14 13
2 66
48 34
53 81
74 76
37 17
83 19
64 77
58 84
34 83
27 32
6 73
50 56
75 76
58 59
14 74
78 33
45 53
54 34
3 19
59 80
63 18
28 66
80 27
19 13
15 76
57 21
35 82
43 17
68 2
23 29
21 40
79 2
11 33
30 69
45 73
8 28
44 45
32 65
51 19
20 4
44 51
17 83
12 45
68 25
55 19
73 55
31 34
71 5
59 28
26 80
21 47
48 80
10 55
55 39
71 75
64 52
13 31
71 16
32 51
11 68
26 30
11 32
7 59
51 72
13 5
68 23
51 80
84 60
29 24
59 17
32 45
5 7
21 77
63 2
4 29
68 80
34 15
84 23
84 42
80 7
9 34
58 48
6 35
42 15
74 23
54 15
41 11
65 17
4 16
71 9
14 1
80 28
77 14
38 11
21 72
46 4
55 23
35 49
42 72
64 36
13 34
38 57
26 43
40 21
59 23
49 30
68 67
63 78
26 72
11 12
62 25
77 18
2 24
22 70
59 71
52 9
68 54
58 37
59 15
40 84
52 22
76 53
5 1
7 23
22 58
60 7
83 20
40 59
48 84
4 66
82 39
17 40
58 42
35 77
54 69
74 70
72 57
57 63
77 27
46 62
17 57
74 14
80 70
7 25
79 15
12 49
2 43
21 81
79 45
51 11
69 37
43 57
43 78
51 53
22 83
62 49
4 59
31 32
54 14
60 64
64 20
83 44
67 59
1 48
54 51
24 46
15 13
29 32
60 25
30 25
10 1
5 79
69 1
22 16
13 12
19 35
26 67
75 54
26 37
12 22
67 63
64 17
66 79
10 50
16 28
30 19
67 51
63 24
2 84
82 48
5 53
25 30
71 42
12 32
47 34
28 56
66 40
36 44
39 67
53 11
21 80
32 58
57 59
66 23
70 1
19 42
84 34
64 41
54 26
58 61
57 82
82 2
2 54
66 4
9 26
77 82
32 3
63 69
20 3
49 10
58 14
62 66
22 41
52 16
29 12
43 61
6 23
40 65
8 73
48 43
77 71
4 5
50 24
39 83
5 84
52 18
79 82
14 56
31 15
59 62
32 43
27 77
62 47
7 70
30 81
20 73
77 12
48 32
81 67
5 20
64 63
60 14
74 42
63 28
40 64
71 15
26 31
76 73
78 59
11 10
33 61
50 1
27 70
9 4
77 35
73 34
80 47
55 84
25 73
32 33
62 32
2 3
77 33
73 4
38 33
37 50
34 81
14 52
19 53
45 2
43 74
62 29
41 58
11 69
26 44
65 64
72 29
30 63
41 51
78 69
6 28
67 80
81 24
71 7
84 63
76 52
25 83
75 57
76 39
53 74
38 84
1 69
42 66
70 51
5 52
4 38
15 65
5 35
44 11
72 45
54 4
1 33
39 40
73 67
47 29
8 27
71 8
42 3
26 10
81 41
41 4
54 66
20 41
15 45
84 26
5 45
36 49
41 12
8 65
46 22
44 20
75 60
68 53
34 42
5 4
78 7
42 41
63 29
48 59
66 6
14 15
40 18
55 80
64 55
83 73
22 82
41 31
12 51
80 81
11 23
41 52
40 80
13 18
9 55
47 59
53 31
3 50
73 50
40 66
12 59
16 40
24 44
39 81
9 13
30 58
36 51
60 28
64 15
28 49
58 51
58 54
35 78
11 16
31 69
59 68
31 43
31 20
37 21
69 47
36 69
3 52
12 24
76 6
55 43
83 2
71 59
59 50
44 41
20 37
8 63
23 46
10 76
43 4
47 27
63 6
77 10
45 6
20 48
19 32
42 12
18 28
10 30
81 77
78 37
30 7
40 68
77 8
46 38
39 17
69 59
11 29
27 20
50 29
32 59
44 59
4 2
27 33
38 23
5 74
54 27
64 5
84 45
63 12
33 35
2 73
54 28
61 59
36 56
58 43
53 19
35 16
15 29
67 83
79 78
51 25
3 64
62 69
18 33
31 25
79 22
33 68
37 22
7 39
67 78
68 31
76 37
17 58
75 5
3 40
73 60
6 5
19 5
76 41
62 44
55 33
83 35
53 28
10 38
23 24
84 36
29 80
81 68
3 32
41 54
57 78
44 21
6 3
71 52
15 39
32 8
18 19
47 40
61 37
34 84
62 52
66 33
67 7
24 30
12 78
45 58
18 80
60 55
44 64
17 13
70 61
35 58
75 24
71 64
39 74
48 31
62 14
79 52
54 46
16 39
7 14
7 49
10 22
72 47
72 35
11 59
7 50
31 46
66 45
47 70
38 81
52 59
6 25
64 76
60 5
70 18
7 76
2 9
55 3
12 44
72 22
65 73
27 40
19 66
33 38
7 4
6 15
46 13
45 74
22 60
47 73
3 53
45 68
18 79
36 55
55 50
24 42
17 78
29 48
45 40
50 52
76 81
77 44
63 27
35 76
14 33
81 11
22 37
72 21
4 40
35 19
71 61
53 49
81 15
55 28
22 44
73 46
35 30
40 82
16 79
23 52
2 22
