5000
90
25
100
640 171
922 669
934 450
889 817
936 887
491 858
444 245
56 483
455 972
714 31
536 513
613 276
412 134
234 799
778 225
460 549
717 100
164 308
128 614
587 328
539 869
179 908
987 562
696 109
115 190
289 454
428 709
347 842
216 20
489 906
333 610
909 974
412 44
185 258
720 275
353 157
981 876
935 362
255 817
151 833
903 96
409 979
94 144
38 308
84 28
59 877
88 832
996 905
94 31
636 817
986 291
92 310
306 765
637 827
75 236
535 554
138 550
902 247
151 508
402 981
721 468
925 889
174 650
320 447
212 76
389 748
174 489
622 426
743 760
63 592
857 439
268 271
440 795
649 334
442 691
367 418
27 987
325 231
379 506
528 134
432 445
453 387
270 12
459 664
383 503
33 824
777 614
410 578
437 848
276 335
315 478
356 322
726 92
828 592
788 730
813 117
626 159
38 763
188 737
755 625
776 758
318 795
413 164
114 243
267 724
994 592
428 878
492 877
174 678
17 384
966 449
506 898
676 425
345 932
533 229
284 904
448 868
609 800
121 244
130 660
770 571
399 921
500 679
301 899
985 475
392 575
415 424
420 976
456 850
2 923
823 56
478 332
176 731
158 859
496 727
439 1
749 804
887 753
574 260
711 781
58 837
935 78
738 576
322 561
213 438
800 55
924 356
880 790
523 673
822 703
529 426
129 1
593 293
598 367
557 636
850 365
298 569
878 602
936 11
610 962
423 946
107 473
457 508
846 4
217 267
175 908
706 392
443 637
528 858
645 864
785 354
704 823
900 316
323 216
403 228
661 686
835 487
673 61
249 88
429 571
115 912
678 815
78 450
580 577
761 165
302 463
146 129
697 519
531 314
786 5
493 692
712 825
152 142
916 246
370 708
686 144
570 343
237 749
330 497
773 297
225 57
955 362
271 372
326 265
256 86
520 530
880 561
991 412
752 162
447 134
234 559
422 172
141 632
726 132
510 251
375 674
322 834
834 953
867 763
348 987
530 236
965 402
649 532
223 202
723 211
945 661
273 280
806 45
349 452
947 23
239 185
945 799
343 770
360 418
166 656
66 461
770 953
655 194
254 397
360 940
139 812
693 241
453 579
782 752
77 252
390 197
658 746
820 630
697 823
781 64
94 464
237 911
769 109
999 852
591 932
621 65
66 196
969 515
693 713
694 921
856 716
427 101
205 715
867 911
401 121
47 452
505 902
807 359
975 351
285 8
803 246
426 988
414 178
664 115
461 972
845 233
647 421
520 265
530 581
362 611
189 794
836 732
305 705
791 512
327 78
397 848
779 376
791 945
124 831
589 395
431 407
410 126
837 85
82 630
846 178
434 567
862 704
538 600
758 612
362 174
682 49
830 103
827 154
333 284
248 53
271 831
154 379
471 971
895 470
287 398
167 140
142 698
700 696
677 180
219 235
72 516
948 325
178 983
255 298
389 149
538 718
293 318
579 404
371 470
946 331
302 988
156 601
861 284
282 182
185 432
582 107
634 356
781 467
301 357
819 746
207 65
98 834
13 51
599 91
824 575
423 691
80 3
784 478
291 260
595 377
632 396
113 505
896 164
695 853
181 580
742 383
438 84
715 67
87 172
803 276
963 795
710 694
975 514
64 805
213 291
315 622
481 97
344 835
672 741
182 214
448 884
616 583
647 757
747 196
105 821
706 366
202 725
300 242
890 471
44 868
449 416
481 364
296 987
207 115
601 604
343 302
878 910
587 52
240 622
678 545
86 310
66 953
654 859
393 130
614 64
236 459
664 391
656 951
268 330
948 534
765 329
638 249
604 391
471 840
955 301
378 210
939 344
965 225
328 676
408 382
822 809
827 895
80 725
427 290
912 985
46 19
420 755
371 180
544 62
231 454
422 592
220 83
500 270
209 352
49 437
985 434
7 742
512 999
104 721
869 271
908 791
184 694
277 312
432 150
654 459
378 696
525 689
287 256
254 513
78 240
754 450
853 398
702 470
556 282
954 735
94 771
437 883
958 124
696 394
481 848
94 535
645 971
495 16
795 230
759 709
460 502
419 471
20 467
151 442
143 738
383 193
704 798
150 500
237 351
766 530
86 260
780 195
743 275
993 593
912 871
412 576
855 593
152 891
862 416
477 305
325 424
946 602
191 114
937 934
752 49
410 405
551 937
30 399
102 122
466 553
41 718
925 794
618 136
982 612
738 425
606 674
319 50
707 199
941 860
519 273
454 532
720 715
764 544
814 122
47 731
908 372
949 723
157 152
637 345
60 219
549 293
491 6
38 347
878 690
897 288
337 565
102 463
259 315
949 808
750 864
140 468
923 613
958 610
944 731
350 773
684 102
352 836
675 848
947 919
952 121
887 27
82 754
197 867
364 840
58 324
584 774
616 564
261 544
331 775
646 53
947 415
801 915
268 675
629 20
939 730
318 350
667 898
604 963
422 290
604 254
527 710
664 198
624 994
13 541
856 855
240 157
241 412
490 975
291 640
683 794
136 739
674 867
245 770
348 194
629 736
387 637
426 564
603 88
19 740
380 152
977 722
275 457
140 396
468 859
820 718
591 437
4 439
243 536
351 659
659 375
913 801
850 112
819 454
239 855
570 571
749 856
212 575
579 3
588 981
445 126
418 926
670 781
785 445
895 529
545 791
653 763
686 993
164 226
39 52
527 877
508 233
236 705
140 992
524 686
402 694
772 93
935 172
873 982
277 483
950 950
289 688
287 891
702 505
939 492
287 322
191 629
188 155
411 198
289 950
916 375
558 256
166 636
553 21
447 85
779 970
174 949
144 153
807 192
604 358
133 16
272 778
522 668
733 208
665 316
19 697
32 738
872 368
124 52
422 827
603 47
853 170
590 381
958 7
398 418
534 587
580 993
479 511
902 812
310 428
360 51
324 880
334 739
858 335
23 828
606 279
129 637
839 411
817 239
844 977
34 478
14 965
29 486
335 291
87 934
409 665
385 354
170 409
683 293
888 626
484 544
450 780
98 1
112 29
296 762
400 911
75 581
311 854
905 30
320 639
254 643
335 610
494 348
562 788
32 847
822 973
147 996
356 797
9 927
115 637
227 160
890 103
391 557
992 537
775 619
861 784
254 727
384 139
187 681
863 268
799 274
5 337
609 954
76 676
175 962
157 100
453 895
98 956
545 405
160 755
618 415
87 458
374 787
961 561
905 2
720 344
757 727
564 84
222 975
818 802
88 452
456 724
689 166
419 964
488 33
231 944
390 715
337 877
287 214
247 937
529 616
214 759
836 766
320 766
882 358
827 63
322 72
821 264
981 559
160 290
726 230
87 515
541 370
289 748
747 89
473 886
513 472
203 531
650 299
128 967
913 189
890 255
660 488
329 270
890 846
107 11
329 536
975 398
751 577
109 150
565 630
357 459
390 108
389 910
232 988
218 246
678 805
577 932
818 824
305 946
398 106
356 174
784 384
780 920
768 984
432 773
450 549
1 711
197 702
664 315
407 542
422 500
228 81
625 811
131 533
960 896
206 627
381 758
297 747
54 45
739 225
0 666
491 50
372 890
374 664
744 537
118 790
445 814
535 319
804 527
482 486
577 364
587 40
520 973
897 549
620 934
107 116
994 659
906 423
903 948
583 18
98 859
858 995
977 551
905 409
779 256
407 165
737 497
24 297
241 138
710 476
702 704
769 818
162 899
33 434
477 892
521 191
122 757
303 609
298 99
729 242
484 33
931 921
789 147
524 797
631 205
641 505
711 857
680 61
585 271
948 540
818 714
482 731
735 938
407 563
788 407
85 99
723 246
192 652
203 73
346 24
947 242
548 426
524 908
485 429
386 99
44 816
977 546
487 674
817 876
243 992
681 572
335 819
538 512
541 934
701 425
299 464
257 595
208 933
143 12
451 924
985 257
610 229
545 922
172 316
129 533
879 687
873 146
789 789
493 256
941 508
41 656
844 274
300 309
546 671
931 389
786 519
0 759
95 89
944 33
1 40
894 915
453 550
357 903
26 472
107 110
979 112
439 460
424 403
442 307
330 778
669 230
999 413
964 85
96 771
338 733
3 698
964 580
290 524
34 415
386 617
555 935
720 374
324 695
540 925
325 975
858 293
928 746
559 407
658 881
829 253
684 824
901 80
575 191
624 536
866 885
513 243
863 442
834 849
757 144
42 177
658 32
63 998
115 971
454 86
471 242
654 755
443 29
465 670
380 932
206 355
51 607
540 49
743 241
51 857
767 983
107 294
25 65
326 707
283 791
517 513
966 136
339 116
371 139
207 768
45 735
596 321
268 918
768 277
236 698
104 163
587 381
525 43
841 112
216 808
946 723
567 505
899 695
777 333
386 300
247 400
267 623
909 806
668 402
15 248
190 432
669 340
967 988
565 850
222 519
25 450
690 749
627 678
365 768
135 614
430 657
646 316
781 792
319 100
887 852
154 767
10 604
693 924
58 568
898 153
978 81
817 459
666 286
837 442
922 796
189 747
261 556
195 584
356 62
864 881
312 995
176 580
408 652
228 44
801 353
158 236
247 637
85 23
861 3
911 417
211 456
691 360
259 506
940 902
967 890
37 143
423 776
853 808
653 455
372 468
6 178
906 873
581 592
271 524
876 371
853 440
303 473
139 562
586 403
634 309
538 35
398 22
735 820
853 365
185 808
874 470
290 729
413 534
540 553
742 88
9 874
996 418
598 118
630 743
99 230
677 591
816 549
166 333
303 677
712 935
580 981
703 976
905 843
649 224
601 831
649 667
488 236
211 156
627 529
123 914
676 492
92 827
647 847
98 206
212 887
184 55
136 277
312 329
108 306
66 600
261 151
848 862
117 972
587 191
53 915
727 863
180 174
35 666
305 819
931 504
177 134
717 223
612 317
564 764
253 820
323 155
528 595
511 300
646 801
201 67
681 516
592 359
523 332
882 142
685 639
728 640
78 481
82 415
993 232
115 867
949 777
574 659
234 39
269 294
453 146
179 343
964 502
226 336
526 212
766 411
772 595
568 481
954 617
984 292
51 267
649 873
762 903
71 644
624 152
84 372
6 279
719 995
584 391
861 365
233 43
455 673
774 406
613 11
831 543
495 416
653 12
721 768
895 44
371 63
948 910
801 495
159 301
201 731
200 573
862 977
111 722
914 683
887 609
970 682
468 49
109 183
602 988
309 335
455 421
994 348
698 834
638 48
489 896
179 516
924 140
852 462
529 100
331 394
145 611
526 526
621 178
243 862
505 890
607 122
303 639
545 297
309 399
220 998
249 953
751 116
172 515
814 11
893 130
641 547
261 511
721 966
361 294
173 281
884 750
19 806
964 149
442 491
455 640
52 485
114 922
673 663
270 285
119 984
958 510
582 709
316 372
252 455
758 292
444 453
902 3
847 586
589 578
592 786
687 71
582 131
481 917
125 893
332 35
343 88
63 216
717 320
836 735
87 211
586 43
467 203
801 410
609 413
359 707
457 60
399 507
479 914
30 282
400 493
734 825
256 603
743 35
317 906
537 168
924 29
389 420
584 694
41 0
945 469
844 431
729 681
881 259
846 117
788 329
405 562
646 464
584 165
815 151
549 665
474 808
407 375
492 332
806 237
45 327
359 930
840 748
242 405
726 72
930 903
631 46
787 565
198 507
288 363
192 894
862 541
997 849
897 946
777 933
686 62
81 513
719 19
788 496
306 464
900 769
934 883
415 139
991 51
373 590
456 962
327 213
427 451
358 171
270 262
300 44
633 660
945 675
474 464
855 659
879 289
912 748
584 597
573 586
810 514
393 124
994 116
664 897
3 244
174 609
503 299
345 712
368 859
250 154
308 923
970 465
398 203
904 784
271 196
230 262
369 486
265 316
392 695
919 872
607 260
533 417
266 108
422 404
363 940
372 732
638 978
529 183
933 728
453 127
724 223
311 687
833 899
195 335
955 17
225 401
561 288
685 560
61 955
246 579
716 593
108 564
504 420
485 733
217 723
557 71
488 493
853 865
815 544
452 640
122 146
920 193
671 144
372 443
714 501
325 945
745 983
695 209
21 419
45 988
546 810
202 16
732 420
838 779
131 265
231 632
604 460
970 499
733 492
534 329
747 243
199 771
879 331
523 115
858 106
242 626
312 816
788 47
823 745
7 986
258 334
910 771
507 639
600 419
164 475
415 828
254 769
789 60
959 572
337 922
556 412
792 843
648 313
463 424
72 477
393 690
832 429
367 626
301 108
211 695
48 727
19 741
875 758
804 199
922 628
335 420
852 275
72 748
506 816
17 616
124 563
792 426
898 250
617 805
240 620
929 411
311 597
804 926
842 17
609 92
654 780
986 616
817 123
233 721
159 229
950 391
306 101
247 211
263 192
126 595
882 162
220 912
11 898
400 73
241 282
498 547
93 396
850 163
362 538
260 969
408 412
496 868
681 868
961 871
964 407
524 439
211 290
536 512
367 736
214 518
106 212
451 805
907 965
969 461
37 0
476 625
989 727
710 481
171 828
366 499
357 505
925 424
736 52
739 553
376 639
885 249
34 886
970 787
5 484
285 286
864 103
562 991
229 940
189 325
195 428
782 891
748 818
263 155
340 587
534 236
328 993
330 743
684 255
959 670
628 397
765 282
666 734
926 746
229 515
492 360
697 89
37 642
153 276
528 943
484 109
264 304
935 351
982 569
901 726
201 211
958 417
121 996
13 995
545 431
374 599
744 231
343 921
738 766
168 382
74 804
758 199
985 890
588 464
466 680
546 103
990 635
59 941
820 514
59 651
229 344
185 134
269 790
227 196
387 615
829 921
886 911
223 826
169 96
563 401
338 263
516 776
70 815
313 441
598 532
299 349
29 80
663 92
406 21
676 122
942 436
321 686
694 157
720 316
16 445
370 544
340 590
155 214
627 583
567 314
286 585
535 848
925 20
87 898
604 449
881 215
525 636
565 135
556 601
571 828
758 833
13 818
849 660
382 176
900 22
557 334
123 532
337 252
850 430
696 979
771 163
989 231
2 176
864 690
807 513
81 81
800 166
857 785
669 168
823 768
205 99
320 67
900 7
115 169
813 660
399 734
652 224
825 577
748 171
71 796
821 941
124 711
388 586
486 945
584 948
224 304
972 245
326 195
314 116
67 779
720 907
946 248
481 414
663 492
621 902
504 537
556 929
490 652
353 34
310 263
293 61
989 392
338 275
561 366
283 263
473 892
124 299
312 218
665 401
29 666
308 131
771 603
104 549
610 507
544 249
864 587
512 721
481 747
675 422
209 573
286 272
415 569
165 226
51 554
568 997
855 942
378 396
493 167
635 688
106 26
949 80
644 393
721 179
605 464
286 566
949 816
24 808
45 426
422 399
149 699
709 514
23 311
538 249
47 566
45 305
692 844
61 915
650 242
857 105
134 54
792 657
37 629
630 499
615 449
300 303
287 118
455 633
286 67
974 401
102 714
334 519
870 196
884 532
783 64
658 1
57 515
407 427
875 414
799 912
322 151
296 437
599 426
488 116
154 831
108 289
613 146
557 887
914 972
783 904
957 543
701 274
68 595
75 462
226 783
524 596
56 95
223 935
566 405
776 97
277 257
420 597
975 235
356 960
699 701
593 319
519 502
811 853
890 588
52 253
87 553
686 33
923 123
191 236
148 621
665 77
541 60
306 82
611 410
626 83
79 323
411 690
353 236
654 920
41 195
397 313
334 30
923 869
501 838
76 35
129 712
683 675
819 32
293 606
929 568
876 737
655 561
431 133
97 574
297 65
504 247
478 760
249 601
221 552
683 932
35 342
972 846
365 850
155 709
932 262
259 386
681 775
593 668
544 852
966 108
970 191
687 746
569 327
610 535
88 995
688 846
624 117
81 407
52 540
755 444
848 202
520 498
984 409
566 238
109 866
725 42
617 25
963 17
252 477
161 766
751 814
94 908
68 512
155 951
224 936
97 381
769 752
907 718
24 6
445 306
103 342
771 162
121 743
132 913
645 341
122 215
658 716
397 939
205 589
96 796
913 511
35 474
561 132
130 724
363 644
421 967
266 697
909 103
35 13
636 823
470 398
656 754
638 99
453 888
543 88
628 512
264 26
539 287
500 385
156 470
407 735
295 346
297 763
17 604
842 657
980 981
374 761
902 173
409 83
478 430
186 770
820 930
536 102
693 535
50 103
876 78
730 494
896 37
112 235
833 73
81 389
523 607
982 400
815 976
184 695
250 212
959 906
409 174
748 312
220 974
909 106
739 895
808 665
660 294
981 758
781 982
401 62
306 714
806 415
516 991
727 539
276 885
53 752
551 628
131 691
948 300
908 285
827 225
557 731
33 256
164 55
326 800
638 226
349 354
475 186
44 769
609 217
196 921
186 997
152 804
281 725
227 279
98 905
614 619
984 757
542 831
383 830
953 834
122 103
414 396
602 748
176 502
563 674
331 877
111 335
965 637
88 773
355 155
749 867
614 894
517 565
388 936
12 246
736 259
942 260
364 881
80 797
51 812
723 475
332 565
660 880
717 941
124 564
996 756
327 423
717 292
22 834
694 323
633 243
311 695
507 265
212 773
92 84
107 234
390 838
801 187
657 395
139 499
150 494
215 926
278 848
676 959
101 910
93 4
602 458
878 913
11 710
656 212
474 483
333 258
486 252
187 583
337 749
959 937
19 337
513 987
497 587
708 929
304 397
360 372
124 796
706 543
98 339
45 762
999 455
301 164
993 953
14 193
680 997
798 177
433 851
552 758
162 736
733 771
269 558
685 507
616 705
943 322
51 345
470 683
686 561
187 249
319 393
67 794
47 652
611 874
894 790
293 512
535 575
363 978
591 480
252 179
251 213
326 616
889 991
582 15
952 173
860 156
915 561
18 954
108 606
0 429
309 412
759 85
477 287
51 676
520 790
382 704
0 485
956 475
737 6
978 256
305 141
226 494
59 207
785 290
290 480
535 260
982 997
208 308
581 78
306 591
802 407
455 859
399 437
754 441
797 417
927 638
641 9
949 927
386 962
748 265
745 704
165 133
65 369
735 177
44 842
140 854
247 977
337 872
200 528
321 580
980 891
475 76
373 686
336 711
397 886
840 581
694 38
370 946
446 105
553 422
611 304
503 673
119 119
177 812
385 848
916 889
240 240
634 916
309 949
827 819
482 298
894 230
37 576
234 939
74 664
618 126
154 866
861 985
891 649
510 634
362 843
920 59
343 269
238 669
739 678
883 533
618 198
158 459
606 938
196 86
823 24
696 845
420 748
139 341
381 790
988 590
433 147
637 609
570 278
476 384
855 858
141 993
314 716
32 429
297 173
296 279
145 424
919 229
838 608
501 763
907 559
140 34
548 990
259 750
331 141
99 466
382 821
459 208
84 299
762 403
276 863
916 79
628 435
889 716
691 221
566 297
791 918
386 633
42 123
439 331
811 441
752 92
32 201
600 262
318 964
393 490
251 186
676 874
25 643
487 187
575 449
870 520
356 194
892 118
476 218
152 209
24 488
992 206
373 814
735 694
973 212
760 471
311 410
637 15
615 550
231 913
823 399
629 480
878 539
344 337
433 253
322 381
571 161
929 211
556 44
902 858
181 974
843 597
252 903
669 524
980 666
15 734
91 209
699 804
116 383
898 695
952 48
653 855
5 163
859 863
824 642
961 773
590 166
42 855
259 418
969 578
665 491
560 795
595 902
881 236
194 263
520 833
914 582
729 147
85 965
106 543
113 568
795 240
481 305
23 646
787 425
363 407
585 199
779 301
921 681
231 876
313 208
868 236
723 81
283 203
548 486
886 917
11 153
616 579
418 305
389 901
438 856
868 538
307 534
213 431
737 313
62 115
458 403
837 533
397 515
797 624
745 372
557 148
829 500
838 656
689 836
990 981
840 342
552 510
533 396
26 651
79 608
450 561
458 663
8 697
780 800
736 182
445 548
143 179
555 755
803 666
117 240
288 668
82 152
818 798
459 287
791 162
845 269
865 320
991 521
775 353
522 775
78 576
552 675
252 9
528 664
577 972
729 942
420 333
671 927
956 682
929 171
233 785
876 785
187 398
316 901
190 859
45 611
548 557
946 241
977 376
440 613
273 470
79 994
114 790
11 599
960 648
854 988
725 592
669 128
535 597
694 638
42 260
963 830
947 906
307 217
874 372
787 852
539 522
165 750
663 592
866 334
620 663
139 601
164 331
986 990
309 847
762 942
509 821
646 148
420 138
674 32
442 351
897 536
180 597
125 517
504 987
402 458
654 71
493 400
420 936
287 355
416 509
730 674
831 499
936 844
812 128
358 145
401 55
115 164
883 431
409 482
681 117
16 966
308 778
30 544
792 322
620 592
610 241
867 185
188 160
622 560
708 5
484 490
849 763
217 10
268 124
619 497
593 841
950 856
792 797
856 488
483 369
920 402
373 872
457 771
103 763
763 370
59 365
664 95
943 233
773 878
308 955
216 317
709 669
751 693
437 556
405 3
145 857
130 161
233 633
452 812
242 686
267 879
265 248
704 740
826 744
261 860
185 367
875 433
552 684
964 949
944 860
828 605
704 728
137 988
746 620
572 298
793 645
648 536
469 850
763 629
924 3
699 735
410 512
660 929
637 611
358 129
225 544
25 787
586 243
799 282
596 714
742 26
628 364
363 219
459 952
251 179
163 755
313 685
747 255
169 647
322 493
831 742
644 224
538 637
401 239
395 715
227 934
358 986
891 685
431 18
469 488
90 911
777 820
70 945
183 398
549 756
383 919
656 85
84 544
638 202
351 244
134 372
212 826
963 640
756 106
221 103
290 471
547 309
124 189
93 72
379 253
146 675
594 873
493 621
502 307
368 254
911 559
644 600
217 225
834 118
760 895
748 684
767 332
434 489
848 129
524 896
584 169
881 773
862 866
866 696
352 361
312 39
228 522
126 444
196 591
704 712
178 936
694 325
881 58
652 869
403 874
415 195
923 313
548 671
115 432
739 804
970 544
78 648
897 142
505 89
200 844
230 964
115 347
0 69
194 506
711 564
633 280
320 537
144 27
140 591
334 443
658 315
367 855
415 114
766 46
168 960
575 106
538 735
769 551
118 0
221 732
75 110
500 311
234 457
261 839
361 958
2 422
573 464
574 970
340 352
409 218
922 672
699 894
584 808
175 274
447 343
382 831
962 451
374 478
817 960
21 89
550 11
878 48
130 993
542 217
670 693
762 476
668 153
226 631
183 716
968 847
69 722
106 163
827 23
706 332
913 769
493 409
285 402
88 948
594 473
20 531
287 102
469 706
752 330
693 609
651 104
9 896
914 318
100 169
341 433
767 839
701 228
28 732
897 527
864 716
430 845
736 908
183 810
780 733
567 199
495 802
160 760
54 737
767 265
834 227
589 760
249 864
11 828
748 853
379 255
446 791
954 207
479 150
692 53
84 333
577 89
685 313
221 125
999 882
359 414
140 469
888 340
498 546
803 186
156 307
758 600
865 53
693 657
968 30
279 422
505 664
63 921
74 538
753 472
652 37
30 714
356 878
665 937
356 172
587 143
301 590
864 159
967 703
419 180
643 695
199 457
755 647
315 57
999 998
23 215
641 942
60 982
184 697
262 950
222 231
150 877
899 742
614 785
751 488
103 81
343 873
125 884
748 473
17 503
789 734
452 266
773 555
669 582
853 373
233 340
278 346
770 628
971 526
703 74
309 183
93 192
950 594
114 466
197 188
688 933
918 834
63 561
143 735
403 325
38 961
27 294
788 419
616 771
625 276
879 727
139 671
26 707
680 649
370 431
597 934
699 434
797 318
980 782
130 384
873 815
952 103
969 994
629 533
692 222
443 61
785 859
466 50
216 525
650 587
260 806
589 178
827 463
582 129
905 439
985 346
224 313
719 992
776 704
210 183
54 125
778 381
156 988
498 220
334 837
444 809
881 302
5 485
560 501
339 188
317 772
136 834
842 113
421 938
579 663
754 342
982 469
761 230
290 38
756 45
775 86
920 205
842 297
406 997
619 958
777 507
905 962
626 793
919 89
195 960
651 39
107 938
494 158
976 49
90 851
759 98
864 834
339 790
541 108
837 784
55 376
617 806
554 370
615 300
221 785
324 11
377 243
842 807
791 233
448 463
614 4
46 363
554 481
987 263
556 349
594 197
625 699
754 665
93 64
684 285
935 448
262 506
803 836
151 143
292 860
314 84
509 170
129 726
425 32
968 359
408 94
620 957
646 859
593 60
998 438
139 826
348 129
130 471
435 516
556 623
22 195
772 358
352 738
509 131
799 360
154 922
574 925
457 317
594 985
55 202
816 216
12 508
724 539
763 350
61 617
176 429
434 678
999 449
668 593
182 434
367 264
155 676
442 235
276 150
882 378
13 455
557 472
817 812
669 644
51 712
389 155
744 869
863 289
503 530
443 292
18 45
218 170
482 17
739 835
593 595
734 338
789 89
715 934
584 933
427 11
396 658
804 933
181 605
932 758
956 24
435 499
487 121
25 935
664 665
156 783
974 697
962 187
442 195
289 734
493 121
840 603
403 362
413 786
607 571
4 292
866 678
711 899
793 782
586 811
107 514
263 614
958 612
127 558
476 481
112 133
414 733
80 794
104 613
103 937
743 939
376 633
707 378
163 472
386 789
304 738
201 9
230 304
174 386
837 455
171 246
973 164
987 960
256 640
197 858
299 127
116 355
230 826
537 732
640 370
279 794
686 926
453 905
853 609
291 184
572 870
15 981
934 163
68 47
488 986
187 467
390 87
729 189
368 598
742 290
663 781
759 189
95 103
430 241
221 164
215 109
488 221
481 226
961 641
981 754
68 435
75 146
498 41
807 386
50 639
18 870
758 845
260 957
557 684
518 114
548 583
686 782
998 863
145 230
845 636
679 776
80 153
707 921
336 689
436 256
551 469
168 109
417 868
103 94
347 226
162 311
521 848
280 788
666 950
194 212
65 676
886 376
665 62
809 3
547 695
467 679
86 328
712 623
306 867
950 32
644 458
945 225
367 937
507 987
653 158
534 816
480 945
857 914
75 698
175 731
166 344
451 998
168 316
601 871
762 279
390 731
596 139
225 761
606 773
670 401
795 698
846 648
518 36
478 595
543 982
115 642
346 536
115 572
425 488
311 933
874 606
888 743
445 385
588 40
461 334
869 381
177 766
308 423
808 684
795 826
61 772
519 423
399 682
458 912
871 883
201 666
682 136
481 84
22 265
217 46
915 292
134 673
266 631
739 370
230 999
952 840
533 535
345 108
869 133
687 702
230 762
267 408
665 692
514 400
168 634
910 333
568 61
496 560
873 864
369 468
68 507
722 541
710 771
204 285
31 74
788 315
348 666
220 889
788 765
356 371
822 813
857 259
353 628
987 94
504 820
890 629
737 591
223 111
416 609
489 672
857 422
701 547
768 924
245 155
468 213
585 240
18 868
636 536
687 127
427 953
482 203
709 956
100 334
866 838
819 306
264 695
442 99
977 630
645 136
523 911
98 637
403 665
210 684
272 615
852 975
314 123
85 426
14 542
422 22
818 778
173 3
799 749
351 27
596 818
427 473
395 885
770 527
968 484
399 2
49 795
817 402
253 888
41 379
444 640
112 341
105 507
460 520
100 191
374 33
951 66
192 440
436 296
645 637
105 582
598 782
579 817
386 726
850 67
422 859
904 86
594 104
342 601
229 99
852 31
662 714
531 178
310 946
67 14
942 756
813 269
768 773
557 321
626 172
553 479
141 162
472 215
7 13
390 884
358 876
55 186
209 457
347 900
262 3
771 580
412 331
496 68
127 372
452 190
394 92
972 441
693 539
858 163
922 263
330 255
763 601
638 522
285 954
462 61
502 54
706 417
197 502
198 123
831 364
629 796
249 862
732 891
497 433
138 524
133 456
202 34
434 929
386 769
275 962
529 450
874 910
992 160
723 598
659 144
691 952
103 907
249 334
577 80
643 110
250 989
229 578
364 287
605 566
352 669
219 485
414 28
514 320
136 184
21 215
464 390
372 297
996 965
424 259
439 245
503 361
677 152
141 899
844 278
946 629
582 664
59 870
396 607
309 188
604 100
698 592
536 199
698 437
298 835
999 588
383 410
974 203
563 847
32 794
286 30
625 734
624 163
501 64
594 696
915 936
241 140
926 966
358 610
835 689
100 17
589 442
132 197
822 824
645 164
550 368
724 68
940 443
721 879
855 630
586 502
676 383
8 130
727 531
155 507
510 594
899 264
980 58
615 685
501 307
4 509
773 145
207 555
935 246
159 191
676 331
853 678
199 966
905 587
579 339
971 798
570 682
267 715
255 42
256 542
868 911
785 92
365 208
710 273
579 877
615 342
719 662
943 285
330 619
670 694
690 887
578 151
158 782
645 227
348 22
685 262
189 369
661 673
572 506
933 834
36 344
316 623
262 18
982 27
161 663
554 137
495 722
979 427
651 99
888 611
246 669
915 609
317 895
813 958
307 8
67 578
132 224
902 169
322 144
306 298
779 878
897 952
797 712
876 828
656 197
501 145
92 499
19 879
477 548
830 4
186 869
548 117
759 157
917 457
488 934
499 410
994 848
588 340
153 546
899 853
149 397
88 288
675 193
847 148
554 200
870 221
669 111
982 633
949 772
585 462
142 302
22 159
185 8
772 488
129 389
160 214
281 570
452 34
842 221
918 438
322 784
33 152
201 897
716 888
63 261
568 998
580 748
188 555
78 212
872 1
600 597
320 989
377 265
283 740
657 813
867 75
918 351
301 390
213 223
866 961
225 465
811 938
72 211
40 853
447 113
329 572
133 784
963 738
466 816
206 7
488 758
236 577
457 461
841 162
502 540
208 199
112 129
552 393
187 120
729 752
378 453
763 956
324 312
829 573
663 353
138 32
26 441
723 474
961 745
260 384
365 86
496 634
304 960
250 589
814 612
687 271
976 146
832 650
495 507
219 270
436 801
765 998
980 744
642 436
27 351
235 329
613 249
847 978
238 990
639 801
977 280
692 225
669 583
137 289
576 596
930 364
503 772
351 889
995 62
479 837
274 641
165 285
97 909
21 524
753 123
608 228
453 16
719 868
266 945
237 451
50 618
21 898
656 737
521 886
678 430
400 218
72 948
896 226
258 43
193 528
33 952
153 621
216 353
561 303
722 672
474 39
505 778
490 945
619 667
732 719
654 765
998 754
98 491
518 878
621 697
377 241
510 300
779 946
858 705
532 989
994 340
393 903
498 153
310 982
776 754
146 420
38 182
909 759
550 475
971 85
563 958
107 373
218 610
507 569
600 874
237 46
381 289
237 126
869 779
988 330
217 706
230 228
244 711
926 971
802 686
211 790
320 555
981 599
797 474
801 476
804 129
138 440
559 255
144 9
583 836
364 953
650 450
909 610
162 592
441 656
894 914
416 265
381 442
5 399
263 685
937 535
605 917
111 76
557 825
169 893
319 222
979 301
937 582
591 243
602 671
356 432
506 867
251 981
580 549
478 134
973 360
749 446
382 460
513 115
869 194
66 937
109 278
315 0
155 717
766 964
391 265
119 293
739 131
587 980
114 589
875 674
310 574
337 332
734 377
302 356
189 257
443 428
195 291
713 531
104 670
73 839
201 46
502 647
742 312
309 121
730 798
657 179
223 54
151 452
943 768
164 990
629 773
374 42
774 671
824 710
272 96
485 984
169 416
820 57
732 875
794 919
86 914
176 410
261 982
452 955
176 868
941 320
487 834
400 482
580 280
587 632
234 229
215 363
877 107
598 35
527 902
379 989
830 618
304 292
68 691
34 170
360 311
743 961
826 319
475 12
132 806
42 959
392 628
347 456
567 184
994 769
915 591
972 939
521 947
921 838
836 181
270 17
720 400
112 485
666 540
717 323
996 555
699 897
647 432
781 474
121 975
566 626
125 778
11 211
504 539
909 722
958 794
852 991
959 433
942 941
822 289
521 359
7 823
460 609
274 784
218 318
612 76
734 285
971 137
141 96
975 149
625 499
534 128
45 768
603 654
369 404
236 375
188 402
624 712
843 218
36 901
902 890
128 696
139 806
662 525
774 559
924 296
103 335
315 636
299 556
494 39
956 283
718 476
893 658
668 344
353 93
477 760
255 565
24 204
798 263
877 475
525 10
861 27
894 1
672 237
759 830
695 985
70 839
123 952
851 546
922 565
537 996
860 98
766 876
762 52
753 967
180 335
348 486
311 543
664 992
993 639
954 640
238 806
426 854
884 405
435 899
121 496
469 483
991 95
382 758
670 603
283 431
244 100
681 894
117 816
959 953
8 869
530 776
572 226
72 661
440 317
559 649
299 492
130 331
976 983
639 938
928 385
289 225
877 971
394 798
828 207
201 806
848 639
789 473
624 496
968 42
576 820
534 436
329 960
724 163
910 630
802 7
395 818
319 909
799 34
865 835
242 576
774 236
237 547
279 906
27 330
554 59
319 365
236 694
78 940
526 355
804 900
813 251
157 426
742 702
138 655
313 167
622 70
727 462
794 268
851 213
248 496
868 913
816 493
308 853
69 482
627 986
965 183
181 143
627 263
177 647
841 392
381 55
754 692
679 197
737 364
194 644
583 743
117 690
193 475
103 870
50 972
684 621
646 712
13 399
135 108
5 626
400 379
425 226
280 68
885 725
631 353
210 369
30 119
793 766
197 187
592 880
349 195
971 468
38 941
595 19
320 458
145 130
48 28
543 275
738 439
495 839
555 231
404 535
726 509
516 53
825 624
659 88
846 773
478 83
291 663
440 41
287 672
911 818
796 961
824 66
784 989
421 89
559 924
989 134
47 251
570 642
887 471
530 48
429 690
243 100
263 67
606 723
297 913
881 66
79 510
682 971
129 784
63 266
684 622
36 336
941 797
50 509
72 437
67 322
944 144
465 811
594 631
752 29
141 923
565 71
390 202
418 239
135 974
147 895
431 434
64 536
580 953
723 609
997 715
556 112
980 836
57 417
90 279
515 76
624 974
659 66
651 617
44 850
829 895
689 633
131 650
314 510
875 662
29 262
262 134
336 651
450 292
781 693
641 414
729 417
645 968
942 704
904 609
51 278
258 351
3 854
282 398
485 445
780 374
906 706
436 807
345 73
142 562
485 704
821 837
138 509
528 795
314 916
110 60
770 803
39 299
14 939
911 510
296 599
355 973
94 828
813 493
565 884
898 498
559 773
562 745
528 844
957 296
346 373
828 239
141 944
698 716
392 300
422 164
606 362
655 571
628 103
414 652
874 84
939 724
255 135
613 214
102 256
503 123
268 548
434 300
445 994
767 705
718 389
736 722
919 449
344 485
438 375
968 694
531 723
580 907
936 557
979 651
822 870
972 992
617 888
626 609
904 672
18 363
884 24
731 983
229 894
569 530
27 967
333 152
643 561
306 838
808 953
271 225
43 7
553 381
131 289
103 842
635 593
979 818
431 698
659 776
342 18
836 404
229 886
657 989
662 805
993 344
705 176
406 524
508 796
568 30
431 537
628 118
621 148
68 685
295 673
809 2
610 31
869 326
185 246
256 501
354 685
633 34
328 4
336 25
726 395
406 955
762 652
332 146
969 272
400 29
742 993
632 716
270 717
408 198
884 629
524 650
707 306
975 142
955 865
878 497
678 247
313 732
292 167
591 672
318 529
65 309
511 381
896 290
277 888
676 1
991 757
377 91
259 806
243 428
555 989
158 106
644 576
509 634
748 571
294 33
169 332
938 176
288 31
639 637
885 75
816 188
824 323
179 668
386 163
432 465
131 33
616 999
624 875
533 11
811 34
398 876
811 847
642 639
273 793
8 551
344 113
18 615
388 383
517 940
380 200
685 35
817 141
58 260
729 658
799 792
337 673
338 62
443 4
459 740
706 146
225 198
18 414
464 177
47 145
438 63
463 608
864 41
168 173
514 216
702 92
495 921
384 968
420 727
249 887
952 305
349 679
422 713
193 357
875 570
447 253
635 378
646 17
442 468
474 959
506 695
909 649
754 464
366 89
678 504
128 275
242 482
542 95
413 782
654 486
359 749
541 819
458 632
679 480
718 896
157 571
641 278
619 310
53 978
745 51
368 406
226 364
70 570
168 996
1 966
47 383
793 853
428 896
421 34
812 64
844 201
147 555
530 443
971 172
167 160
620 355
657 381
973 864
556 762
707 54
603 640
805 200
518 187
968 700
442 64
281 574
321 873
351 602
673 265
532 767
925 57
126 367
363 684
421 725
970 108
491 930
248 839
944 145
772 429
564 350
843 723
350 563
864 340
992 936
367 989
261 402
485 473
84 726
918 580
809 125
338 361
553 823
610 329
14 674
374 150
584 523
260 520
453 98
33 305
976 905
743 882
928 303
529 452
942 198
90 274
64 511
469 846
943 603
816 361
938 764
768 749
473 760
861 938
773 228
951 676
64 994
352 914
509 814
699 328
442 196
790 184
655 15
884 439
349 553
299 37
792 175
559 617
892 989
642 360
464 61
895 288
786 638
72 566
594 286
230 859
523 161
862 939
717 402
154 460
16 363
448 947
429 377
405 540
609 869
615 185
567 192
259 685
4 163
58 7
113 867
120 645
97 725
414 899
989 318
893 835
634 477
107 651
395 294
34 869
892 296
138 45
528 927
884 321
545 712
514 13
979 898
751 195
765 189
490 633
711 475
376 573
203 636
520 29
714 188
209 975
715 117
820 389
300 654
774 653
824 567
632 439
207 656
127 379
403 872
472 581
724 782
2 819
495 341
54 69
4 909
73 737
436 691
565 335
263 32
666 663
886 110
593 183
921 48
8 887
211 19
798 366
262 122
64 289
928 185
940 121
239 9
582 724
160 530
932 67
865 468
170 54
374 83
163 976
129 388
806 576
984 929
392 266
559 212
687 267
4 669
456 191
738 977
679 185
280 642
681 982
888 885
733 610
970 193
403 771
363 797
72 647
976 694
92 683
107 676
376 287
798 315
714 584
708 375
814 32
44 988
719 612
368 232
931 527
379 521
31 162
545 191
103 805
5 915
590 874
979 847
986 865
22 688
570 712
568 862
725 559
910 646
550 623
482 264
1 29
188 995
525 27
203 847
513 393
886 819
46 16
870 19
3 224
889 512
52 106
7 631
275 963
824 168
722 130
281 210
899 405
693 995
619 625
878 40
12 113
222 1
854 32
495 994
933 123
909 693
225 7
496 933
234 817
235 539
88 697
399 966
142 469
876 575
706 622
526 720
19 687
693 258
993 299
986 369
686 626
154 514
263 454
16 374
499 715
960 277
990 700
867 190
672 353
799 586
486 81
224 425
307 799
780 138
204 760
480 725
601 902
305 993
99 787
226 678
911 128
812 451
831 75
481 290
767 569
781 789
740 761
880 462
283 223
450 190
444 442
951 157
489 606
84 694
247 509
482 599
793 144
78 617
128 243
805 680
366 556
464 156
570 863
269 438
363 796
166 210
335 93
14 211
704 297
435 160
400 312
120 766
263 670
517 175
31 141
924 281
529 981
810 82
873 333
557 824
134 943
551 254
840 27
368 511
851 827
39 589
933 544
352 116
97 882
335 645
397 339
742 645
999 198
485 451
539 336
313 1
997 99
713 197
269 52
289 200
481 586
393 371
677 677
431 767
639 710
775 684
44 173
852 477
587 121
8 29
782 716
280 134
996 161
58 5
389 350
70 291
465 291
409 301
745 329
270 603
8 49
62 133
817 330
428 983
472 298
852 724
201 468
654 961
618 206
973 340
171 256
448 423
251 592
714 648
994 325
483 764
409 860
818 563
995 466
694 453
583 633
928 491
178 826
216 825
324 518
904 383
768 386
787 666
766 791
462 113
353 986
985 715
1 521
387 292
128 851
133 873
908 984
167 365
288 990
648 496
4 520
846 823
198 313
848 54
842 477
67 241
259 109
990 719
735 508
137 418
36 919
646 827
86 372
47 405
164 846
985 501
613 309
248 80
454 755
188 861
150 956
481 806
452 53
999 69
146 113
698 201
161 853
527 130
203 72
447 347
329 163
209 490
382 647
414 366
825 965
836 680
18 269
442 734
35 522
445 747
797 642
953 956
49 915
735 55
399 667
945 948
642 278
418 539
348 509
910 937
165 8
753 416
759 65
743 979
731 765
576 717
156 936
659 258
781 16
326 511
140 0
310 4
67 79
682 15
998 515
422 325
851 501
812 525
555 43
812 901
718 123
473 104
58 156
700 108
682 363
549 783
4 276
909 67
606 728
886 134
785 537
818 283
169 42
202 12
25 114
535 482
580 716
191 745
438 612
383 5
171 6
724 765
311 18
421 701
995 518
548 892
835 700
201 145
468 177
313 808
787 700
364 318
938 490
948 974
669 567
837 967
118 744
754 541
352 392
416 621
647 628
139 338
912 52
461 376
734 649
598 538
616 191
172 67
569 96
889 482
390 323
915 334
440 919
766 679
6 247
794 997
281 83
509 363
829 342
713 448
139 740
463 3
0 654
881 339
0 769
445 178
965 78
576 1
852 30
616 751
79 63
327 732
395 436
175 549
969 87
947 376
494 161
42 783
151 51
235 727
171 936
168 31
559 719
448 963
535 748
390 872
908 319
179 44
345 564
534 751
13 993
354 65
837 512
535 462
893 454
265 870
612 622
434 348
422 908
988 308
142 337
701 15
674 415
603 634
50 91
75 137
46 69
826 332
489 715
826 338
672 419
331 872
988 200
226 385
61 900
296 868
283 979
219 192
891 84
720 39
991 689
120 416
137 905
178 108
409 791
414 816
329 191
285 175
365 556
811 684
480 0
18 689
67 95
683 363
87 40
593 291
404 656
82 390
541 65
19 25
31 778
488 938
242 450
621 625
276 823
900 386
425 923
365 536
734 410
687 568
476 116
168 797
727 86
95 412
710 167
76 740
354 767
92 721
105 605
691 420
27 597
619 895
805 104
66 402
367 57
480 331
341 526
798 843
181 537
561 9
204 967
614 837
277 809
577 549
171 607
997 305
193 153
101 426
459 139
864 812
76 417
877 188
0 378
974 200
441 592
628 76
481 648
994 485
681 17
708 423
153 104
371 117
631 904
696 19
13 927
631 949
249 436
35 72
96 255
619 76
979 490
110 670
695 253
928 368
10 585
996 796
202 830
710 577
653 454
485 807
169 812
729 111
175 357
173 554
388 785
200 953
993 807
987 802
329 742
85 383
915 201
8 559
822 456
300 525
183 85
587 516
85 640
35 604
989 927
172 539
895 207
470 249
920 718
580 507
395 44
698 455
25 69
733 984
456 383
222 404
947 191
51 538
163 58
449 597
12 619
55 150
878 188
469 164
878 71
95 620
368 329
417 620
981 316
833 878
343 490
928 513
743 734
837 551
173 20
118 949
370 747
190 807
175 924
474 787
803 608
276 228
532 347
292 875
1 237
15 29
813 539
523 345
363 337
419 277
962 255
756 19
826 698
913 920
531 996
597 215
506 281
81 644
824 876
169 890
1 577
830 540
461 373
10 566
88 254
733 11
150 708
383 61
294 623
459 996
450 727
14 394
466 9
170 99
895 997
986 890
988 915
186 82
204 843
474 342
883 942
398 798
832 303
143 78
997 678
808 96
567 14
416 640
720 13
456 712
331 325
802 996
5 144
433 667
294 757
180 830
378 990
3 846
263 59
786 983
591 767
782 18
850 237
508 10
144 83
239 389
891 414
674 738
422 635
994 930
28 907
928 701
183 869
70 487
240 679
839 690
388 364
650 641
849 550
894 399
265 676
801 592
650 466
643 652
922 130
660 268
68 375
808 311
645 919
668 723
868 502
470 258
272 363
4 746
991 930
173 49
720 626
486 645
194 667
231 2
592 749
604 848
742 541
3 768
234 496
735 732
0 96
67 115
999 76
878 566
712 130
260 363
50 893
412 774
622 758
464 933
523 858
714 349
479 779
367 338
848 938
596 745
379 562
562 543
763 927
58 51
391 341
813 451
641 650
595 514
619 2
908 219
185 179
803 997
920 826
138 331
58 38
1 127
924 528
820 992
919 3
677 536
541 548
338 916
703 499
535 180
50 222
176 17
694 304
337 320
857 944
212 409
152 401
830 349
152 265
3 794
97 45
190 944
345 387
3 20
960 991
898 880
69 347
205 494
504 960
563 799
72 158
61 983
585 413
433 753
15 232
240 310
274 80
990 247
531 3
749 329
820 878
951 978
426 996
675 901
104 684
270 907
612 629
238 273
477 599
445 975
337 220
999 948
570 540
999 42
933 58
494 572
623 343
932 467
476 578
63 187
284 544
114 590
206 415
883 573
292 838
181 918
117 70
887 941
432 596
724 735
368 814
651 961
934 701
885 640
777 16
590 429
106 693
17 775
262 372
766 872
261 240
834 907
914 490
22 998
888 205
415 66
331 471
675 479
485 3
124 59
737 441
515 747
220 651
769 130
444 751
57 175
391 177
565 445
904 464
541 4
477 163
928 829
211 407
342 637
886 435
234 728
21 769
899 192
24 550
560 547
645 133
371 541
839 313
290 3
516 471
565 561
537 380
866 936
884 643
236 275
992 56
90 757
771 21
974 60
183 905
284 994
93 983
910 486
216 666
944 582
245 258
222 666
471 771
826 385
469 514
405 815
812 879
336 962
