100
1000000000 717840595 24879833
1000000000 920188832 154323583
1000000000 732184506 409741922
1000000000 392219608 671218715
1000000000 175741299 787197902
1000000000 832290054 119786434
1000000000 552149220 239147076
1000000000 513830016 782524275
1000000000 394232186 189678305
1000000000 232946514 795344468
1000000000 715856347 727793924
1000000000 547150551 325817617
1000000000 632633408 328184232
1000000000 750075753 602893350
1000000000 771433262 348167100
1000000000 331706297 919322321
1000000000 521743513 639386219
1000000000 229384867 9089056
1000000000 958564504 777832392
1000000000 20208074 189410988
1000000000 956647691 431352085
1000000000 479284186 244462755
1000000000 295885445 224035090
1000000000 8975614 649271003
1000000000 9485817 999303630
1000000000 384697150 669853268
1000000000 776099463 348054931
1000000000 146934379 372814272
1000000000 621809820 347719511
1000000000 472459893 545321279
1000000000 82218074 260690507
1000000000 993997174 186931557
1000000000 288754370 407865185
1000000000 221525172 731243408
1000000000 29010643 524880611
1000000000 555010415 308339270
1000000000 271899809 408566259
1000000000 232087058 228288690
1000000000 392299230 364052893
1000000000 169164428 18086064
1000000000 278034118 289569057
1000000000 679800191 754701505
1000000000 952544009 779202664
1000000000 284580381 37976698
1000000000 896480659 737612771
1000000000 707548478 492154046
1000000000 596616068 428302510
1000000000 203391699 393628583
1000000000 270341119 966256214
1000000000 304404302 487267761
1000000000 626501089 949497835
1000000000 722091544 167847187
1000000000 323581770 612118250
1000000000 930050702 141317683
1000000000 131965599 64926341
1000000000 435897922 972324028
1000000000 963699662 189096147
1000000000 736087150 309602523
1000000000 409598033 728124463
1000000000 513783265 221726129
1000000000 490694913 43036686
1000000000 310396871 56140002
1000000000 141900610 604177377
1000000000 61120696 640614094
1000000000 388043548 514865759
1000000000 291802893 216295572
1000000000 451870548 523875362
1000000000 295328729 531015928
1000000000 600310915 679452622
1000000000 235002014 191267869
1000000000 399433979 84315923
1000000000 746518882 313286348
1000000000 246614800 729162836
1000000000 187872365 58313740
1000000000 706328534 546182981
1000000000 737798525 112229033
1000000000 933113364 453967274
1000000000 158598932 383804171
1000000000 826782300 608841224
1000000000 117857230 377297062
1000000000 9497843 782858577
1000000000 858343440 664165721
1000000000 872322590 362325545
1000000000 112228674 827975059
1000000000 112251268 473709295
1000000000 852716281 739320157
1000000000 601461660 887081479
1000000000 901707463 953522102
1000000000 934538926 473429034
1000000000 239095374 254003690
1000000000 949779158 610609973
1000000000 22880395 532067644
1000000000 586545631 284591856
1000000000 605493762 74681701
1000000000 15581113 361663773
1000000000 920526274 798643743
1000000000 506460935 451652502
1000000000 208160072 743604985
1000000000 364600328 929606075
1000000000 634092334 631297534

