100 7220
28 100
26 83
31 96
16 98
57 90
38 96
56 80
23 80
15 53
41 89
49 60
43 56
4 90
78 79
1 72
35 63
35 81
23 65
38 83
28 87
30 38
5 73
46 53
6 32
34 93
33 80
62 82
38 59
29 89
37 90
70 82
58 94
9 57
13 25
25 52
3 36
4 28
49 96
17 28
18 95
66 76
32 39
79 100
6 26
24 72
53 86
69 86
65 86
22 99
19 73
8 64
72 92
25 65
12 14
76 97
8 96
22 62
38 48
78 85
84 93
43 91
27 98
32 73
59 98
51 88
7 9
5 97
90 100
32 69
39 97
5 74
8 80
3 80
12 40
8 86
10 57
51 84
86 100
20 37
5 66
83 88
44 61
78 92
37 76
83 89
58 86
13 34
12 44
17 52
19 44
44 92
39 65
34 92
33 99
21 59
68 100
9 82
13 95
25 100
77 91
