dp: ----
1 0 
0 0 
0 0 
0 0 
--------
dp: ----
0 1 
1 0 
0 0 
0 0 
--------
dp: ----
0 1 
1 9 
1 -1 
0 0 
--------
dp: ----
0 1 
1 18 
2 79 
1 -10 
--------
dp: ----
0 1 
1 27 
3 240 
3 699 
--------
dp: ----
0 1 
1 36 
4 482 
6 2856 
--------
dp: ----
0 1 
1 45 
5 805 
10 7190 
--------
dp: ----
0 1 
1 54 
6 1209 
15 14430 
--------
dp: ----
0 1 
1 63 
7 1694 
21 25305 
--------
dp: ----
0 1 
1 72 
8 2260 
28 40544 
--------
dp: ----
0 1 
1 81 
9 2907 
36 60876 
--------
dp: ----
0 1 
0 91 
1 3645 
9 87075 
--------
dp: ----
0 1 
0 100 
1 4464 
10 119879 
--------
dp: ----
0 1 
0 109 
1 5364 
11 160054 
--------
dp: ----
0 1 
0 118 
1 6345 
12 208329 
--------
dp: ----
0 1 
0 127 
1 7407 
13 265433 
--------
dp: ----
0 1 
0 136 
1 8550 
14 332095 
--------
dp: ----
0 1 
0 145 
1 9774 
15 409044 
--------
dp: ----
0 1 
0 154 
1 11079 
16 497009 
--------
dp: ----
0 1 
0 163 
1 12465 
17 596719 
--------
dp: ----
0 1 
0 172 
1 13932 
18 708903 
--------
708921
